Polarity_result
{'neg': 0.068, 'neu': 0.859, 'pos': 0.073, 'compound': 0.3909}
{'neg': 0.131, 'neu': 0.783, 'pos': 0.087, 'compound': -0.3944}
{'neg': 0.0, 'neu': 0.703, 'pos': 0.297, 'compound': 0.6705}
{'neg': 0.179, 'neu': 0.725, 'pos': 0.096, 'compound': -0.5046}
{'neg': 0.041, 'neu': 0.81, 'pos': 0.149, 'compound': 0.7584}
{'neg': 0.034, 'neu': 0.753, 'pos': 0.213, 'compound': 0.9896}
{'neg': 0.128, 'neu': 0.808, 'pos': 0.064, 'compound': -0.3182}
{'neg': 0.068, 'neu': 0.811, 'pos': 0.12, 'compound': 0.9579}
{'neg': 0.075, 'neu': 0.78, 'pos': 0.145, 'compound': 0.9389}
{'neg': 0.018, 'neu': 0.693, 'pos': 0.289, 'compound': 0.9646}
{'neg': 0.029, 'neu': 0.856, 'pos': 0.116, 'compound': 0.9342}
{'neg': 0.016, 'neu': 0.826, 'pos': 0.158, 'compound': 0.9648}
{'neg': 0.061, 'neu': 0.827, 'pos': 0.113, 'compound': 0.9071}
{'neg': 0.082, 'neu': 0.839, 'pos': 0.079, 'compound': -0.0928}
{'neg': 0.0, 'neu': 0.78, 'pos': 0.22, 'compound': 0.8225}
{'neg': 0.148, 'neu': 0.852, 'pos': 0.0, 'compound': -0.7389}
{'neg': 0.039, 'neu': 0.854, 'pos': 0.107, 'compound': 0.9842}
{'neg': 0.117, 'neu': 0.798, 'pos': 0.085, 'compound': -0.296}
{'neg': 0.135, 'neu': 0.821, 'pos': 0.044, 'compound': -0.9593}
{'neg': 0.138, 'neu': 0.748, 'pos': 0.114, 'compound': -0.0534}
{'neg': 0.05, 'neu': 0.828, 'pos': 0.121, 'compound': 0.8802}
{'neg': 0.043, 'neu': 0.771, 'pos': 0.186, 'compound': 0.9577}
{'neg': 0.0, 'neu': 0.618, 'pos': 0.382, 'compound': 0.9348}
{'neg': 0.042, 'neu': 0.811, 'pos': 0.147, 'compound': 0.9799}
{'neg': 0.32, 'neu': 0.636, 'pos': 0.043, 'compound': -0.8807}
{'neg': 0.147, 'neu': 0.751, 'pos': 0.102, 'compound': -0.7997}
{'neg': 0.0, 'neu': 0.851, 'pos': 0.149, 'compound': 0.9364}
{'neg': 0.135, 'neu': 0.79, 'pos': 0.075, 'compound': -0.8735}
{'neg': 0.073, 'neu': 0.498, 'pos': 0.429, 'compound': 0.8934}
{'neg': 0.124, 'neu': 0.821, 'pos': 0.055, 'compound': -0.7984}
{'neg': 0.071, 'neu': 0.806, 'pos': 0.123, 'compound': 0.8402}
{'neg': 0.126, 'neu': 0.832, 'pos': 0.042, 'compound': -0.675}
{'neg': 0.06, 'neu': 0.844, 'pos': 0.096, 'compound': 0.8728}
{'neg': 0.064, 'neu': 0.864, 'pos': 0.072, 'compound': 0.2742}
{'neg': 0.0, 'neu': 0.765, 'pos': 0.235, 'compound': 0.9062}
{'neg': 0.009, 'neu': 0.777, 'pos': 0.214, 'compound': 0.9883}
{'neg': 0.023, 'neu': 0.89, 'pos': 0.087, 'compound': 0.7897}
{'neg': 0.029, 'neu': 0.813, 'pos': 0.159, 'compound': 0.9969}
{'neg': 0.0, 'neu': 0.782, 'pos': 0.218, 'compound': 0.5598}
{'neg': 0.0, 'neu': 0.678, 'pos': 0.322, 'compound': 0.9942}
{'neg': 0.016, 'neu': 0.723, 'pos': 0.261, 'compound': 0.9951}
{'neg': 0.022, 'neu': 0.666, 'pos': 0.312, 'compound': 0.9792}
{'neg': 0.0, 'neu': 0.732, 'pos': 0.268, 'compound': 0.9136}
{'neg': 0.05, 'neu': 0.838, 'pos': 0.112, 'compound': 0.7439}
{'neg': 0.178, 'neu': 0.822, 'pos': 0.0, 'compound': -0.6476}
{'neg': 0.0, 'neu': 0.939, 'pos': 0.061, 'compound': 0.6124}
{'neg': 0.046, 'neu': 0.773, 'pos': 0.181, 'compound': 0.9136}
{'neg': 0.082, 'neu': 0.815, 'pos': 0.103, 'compound': 0.5889}
{'neg': 0.037, 'neu': 0.83, 'pos': 0.133, 'compound': 0.9872}
{'neg': 0.107, 'neu': 0.843, 'pos': 0.05, 'compound': -0.8058}
{'neg': 0.157, 'neu': 0.741, 'pos': 0.103, 'compound': -0.5911}
{'neg': 0.061, 'neu': 0.834, 'pos': 0.105, 'compound': 0.9015}
{'neg': 0.0, 'neu': 0.681, 'pos': 0.319, 'compound': 0.9423}
{'neg': 0.0, 'neu': 0.617, 'pos': 0.383, 'compound': 0.8898}
{'neg': 0.079, 'neu': 0.768, 'pos': 0.153, 'compound': 0.6791}
{'neg': 0.03, 'neu': 0.75, 'pos': 0.22, 'compound': 0.9856}
{'neg': 0.0, 'neu': 0.737, 'pos': 0.263, 'compound': 0.9716}
{'neg': 0.04, 'neu': 0.884, 'pos': 0.075, 'compound': 0.296}
{'neg': 0.056, 'neu': 0.845, 'pos': 0.099, 'compound': 0.7789}
{'neg': 0.047, 'neu': 0.698, 'pos': 0.255, 'compound': 0.923}
{'neg': 0.081, 'neu': 0.807, 'pos': 0.112, 'compound': 0.8969}
{'neg': 0.051, 'neu': 0.876, 'pos': 0.073, 'compound': 0.2449}
{'neg': 0.06, 'neu': 0.872, 'pos': 0.068, 'compound': 0.1825}
{'neg': 0.107, 'neu': 0.862, 'pos': 0.03, 'compound': -0.8442}
{'neg': 0.028, 'neu': 0.884, 'pos': 0.088, 'compound': 0.6106}
{'neg': 0.133, 'neu': 0.618, 'pos': 0.249, 'compound': 0.6249}
{'neg': 0.0, 'neu': 0.829, 'pos': 0.171, 'compound': 0.7184}
{'neg': 0.049, 'neu': 0.691, 'pos': 0.26, 'compound': 0.8613}
{'neg': 0.148, 'neu': 0.699, 'pos': 0.153, 'compound': -0.1855}
{'neg': 0.0, 'neu': 0.64, 'pos': 0.36, 'compound': 0.7351}
{'neg': 0.022, 'neu': 0.849, 'pos': 0.129, 'compound': 0.8523}
{'neg': 0.061, 'neu': 0.939, 'pos': 0.0, 'compound': -0.296}
{'neg': 0.013, 'neu': 0.744, 'pos': 0.243, 'compound': 0.9965}
{'neg': 0.0, 'neu': 1.0, 'pos': 0.0, 'compound': 0.0}
{'neg': 0.075, 'neu': 0.796, 'pos': 0.129, 'compound': 0.8836}
{'neg': 0.038, 'neu': 0.636, 'pos': 0.326, 'compound': 0.9282}
{'neg': 0.0, 'neu': 0.753, 'pos': 0.247, 'compound': 0.9299}
{'neg': 0.034, 'neu': 0.688, 'pos': 0.277, 'compound': 0.9842}
{'neg': 0.135, 'neu': 0.822, 'pos': 0.043, 'compound': -0.6131}
{'neg': 0.156, 'neu': 0.723, 'pos': 0.121, 'compound': -0.228}
{'neg': 0.039, 'neu': 0.83, 'pos': 0.131, 'compound': 0.9832}
{'neg': 0.0, 'neu': 0.779, 'pos': 0.221, 'compound': 0.9472}
{'neg': 0.079, 'neu': 0.762, 'pos': 0.159, 'compound': 0.9687}
{'neg': 0.069, 'neu': 0.848, 'pos': 0.082, 'compound': 0.6814}
{'neg': 0.279, 'neu': 0.721, 'pos': 0.0, 'compound': -0.8576}
{'neg': 0.148, 'neu': 0.789, 'pos': 0.063, 'compound': -0.7885}
{'neg': 0.068, 'neu': 0.714, 'pos': 0.218, 'compound': 0.9692}
{'neg': 0.0, 'neu': 0.835, 'pos': 0.165, 'compound': 0.8518}
{'neg': 0.027, 'neu': 0.898, 'pos': 0.075, 'compound': 0.7599}
{'neg': 0.086, 'neu': 0.714, 'pos': 0.2, 'compound': 0.6474}
{'neg': 0.016, 'neu': 0.798, 'pos': 0.185, 'compound': 0.9477}
{'neg': 0.0, 'neu': 0.491, 'pos': 0.509, 'compound': 0.8846}
{'neg': 0.065, 'neu': 0.839, 'pos': 0.096, 'compound': 0.8238}
{'neg': 0.0, 'neu': 1.0, 'pos': 0.0, 'compound': 0.0}
{'neg': 0.12, 'neu': 0.751, 'pos': 0.129, 'compound': -0.1993}
{'neg': 0.078, 'neu': 0.672, 'pos': 0.25, 'compound': 0.9894}
{'neg': 0.113, 'neu': 0.832, 'pos': 0.054, 'compound': -0.6908}
{'neg': 0.0, 'neu': 0.951, 'pos': 0.049, 'compound': 0.3182}
{'neg': 0.0, 'neu': 0.783, 'pos': 0.217, 'compound': 0.9319}
{'neg': 0.0, 'neu': 0.861, 'pos': 0.139, 'compound': 0.8684}
{'neg': 0.06, 'neu': 0.833, 'pos': 0.107, 'compound': 0.7875}
{'neg': 0.075, 'neu': 0.511, 'pos': 0.414, 'compound': 0.927}
{'neg': 0.058, 'neu': 0.792, 'pos': 0.15, 'compound': 0.8402}
{'neg': 0.117, 'neu': 0.81, 'pos': 0.073, 'compound': -0.5104}
{'neg': 0.173, 'neu': 0.586, 'pos': 0.241, 'compound': 0.5826}
{'neg': 0.068, 'neu': 0.834, 'pos': 0.098, 'compound': 0.4678}
{'neg': 0.017, 'neu': 0.916, 'pos': 0.067, 'compound': 0.7351}
{'neg': 0.117, 'neu': 0.84, 'pos': 0.043, 'compound': -0.9209}
{'neg': 0.057, 'neu': 0.867, 'pos': 0.076, 'compound': 0.654}
{'neg': 0.204, 'neu': 0.717, 'pos': 0.079, 'compound': -0.8271}
{'neg': 0.023, 'neu': 0.905, 'pos': 0.071, 'compound': 0.7589}
{'neg': 0.061, 'neu': 0.903, 'pos': 0.036, 'compound': -0.4356}
{'neg': 0.058, 'neu': 0.771, 'pos': 0.17, 'compound': 0.9947}
{'neg': 0.068, 'neu': 0.9, 'pos': 0.031, 'compound': -0.3427}
{'neg': 0.027, 'neu': 0.819, 'pos': 0.154, 'compound': 0.8481}
{'neg': 0.129, 'neu': 0.799, 'pos': 0.072, 'compound': -0.945}
{'neg': 0.098, 'neu': 0.785, 'pos': 0.117, 'compound': 0.8556}
{'neg': 0.104, 'neu': 0.835, 'pos': 0.061, 'compound': -0.7176}
{'neg': 0.0, 'neu': 0.695, 'pos': 0.305, 'compound': 0.9764}
{'neg': 0.029, 'neu': 0.9, 'pos': 0.072, 'compound': 0.7273}
{'neg': 0.1, 'neu': 0.722, 'pos': 0.178, 'compound': 0.7822}
{'neg': 0.151, 'neu': 0.849, 'pos': 0.0, 'compound': -0.807}
{'neg': 0.0, 'neu': 0.772, 'pos': 0.228, 'compound': 0.9234}
{'neg': 0.046, 'neu': 0.79, 'pos': 0.164, 'compound': 0.9402}
{'neg': 0.051, 'neu': 0.837, 'pos': 0.111, 'compound': 0.6369}
{'neg': 0.022, 'neu': 0.906, 'pos': 0.072, 'compound': 0.8271}
{'neg': 0.043, 'neu': 0.802, 'pos': 0.155, 'compound': 0.9848}
{'neg': 0.094, 'neu': 0.843, 'pos': 0.063, 'compound': -0.5497}
{'neg': 0.048, 'neu': 0.698, 'pos': 0.254, 'compound': 0.997}
{'neg': 0.017, 'neu': 0.917, 'pos': 0.065, 'compound': 0.6953}
{'neg': 0.043, 'neu': 0.871, 'pos': 0.086, 'compound': 0.8047}
{'neg': 0.0, 'neu': 0.696, 'pos': 0.304, 'compound': 0.9756}
{'neg': 0.101, 'neu': 0.846, 'pos': 0.053, 'compound': -0.8245}
{'neg': 0.117, 'neu': 0.883, 'pos': 0.0, 'compound': -0.8807}
{'neg': 0.0, 'neu': 0.483, 'pos': 0.517, 'compound': 0.977}
{'neg': 0.138, 'neu': 0.862, 'pos': 0.0, 'compound': -0.8625}
{'neg': 0.126, 'neu': 0.802, 'pos': 0.072, 'compound': -0.7657}
{'neg': 0.087, 'neu': 0.858, 'pos': 0.054, 'compound': -0.296}
{'neg': 0.028, 'neu': 0.849, 'pos': 0.123, 'compound': 0.9806}
{'neg': 0.025, 'neu': 0.915, 'pos': 0.06, 'compound': 0.2391}
{'neg': 0.061, 'neu': 0.725, 'pos': 0.214, 'compound': 0.8514}
{'neg': 0.0, 'neu': 0.864, 'pos': 0.136, 'compound': 0.765}
{'neg': 0.0, 'neu': 0.78, 'pos': 0.22, 'compound': 0.9595}
{'neg': 0.052, 'neu': 0.827, 'pos': 0.121, 'compound': 0.714}
{'neg': 0.0, 'neu': 0.809, 'pos': 0.191, 'compound': 0.91}
{'neg': 0.045, 'neu': 0.844, 'pos': 0.111, 'compound': 0.8898}
{'neg': 0.049, 'neu': 0.848, 'pos': 0.103, 'compound': 0.3468}
{'neg': 0.094, 'neu': 0.823, 'pos': 0.083, 'compound': -0.2441}
{'neg': 0.034, 'neu': 0.863, 'pos': 0.103, 'compound': 0.7269}
{'neg': 0.0, 'neu': 0.724, 'pos': 0.276, 'compound': 0.7269}
{'neg': 0.019, 'neu': 0.865, 'pos': 0.116, 'compound': 0.9835}
{'neg': 0.035, 'neu': 0.673, 'pos': 0.291, 'compound': 0.9942}
{'neg': 0.0, 'neu': 0.794, 'pos': 0.206, 'compound': 0.885}
{'neg': 0.024, 'neu': 0.901, 'pos': 0.075, 'compound': 0.9752}
{'neg': 0.07, 'neu': 0.783, 'pos': 0.147, 'compound': 0.7133}
{'neg': 0.074, 'neu': 0.83, 'pos': 0.096, 'compound': 0.9134}
{'neg': 0.153, 'neu': 0.759, 'pos': 0.088, 'compound': -0.2867}
{'neg': 0.016, 'neu': 0.752, 'pos': 0.232, 'compound': 0.9932}
{'neg': 0.0, 'neu': 0.715, 'pos': 0.285, 'compound': 0.9213}
{'neg': 0.0, 'neu': 0.754, 'pos': 0.246, 'compound': 0.8779}
{'neg': 0.034, 'neu': 0.804, 'pos': 0.161, 'compound': 0.9659}
{'neg': 0.093, 'neu': 0.815, 'pos': 0.092, 'compound': 0.2268}
{'neg': 0.059, 'neu': 0.741, 'pos': 0.2, 'compound': 0.9087}
{'neg': 0.034, 'neu': 0.774, 'pos': 0.192, 'compound': 0.8402}
{'neg': 0.0, 'neu': 0.514, 'pos': 0.486, 'compound': 0.9225}
{'neg': 0.094, 'neu': 0.804, 'pos': 0.101, 'compound': 0.0516}
{'neg': 0.041, 'neu': 0.815, 'pos': 0.144, 'compound': 0.982}
{'neg': 0.0, 'neu': 0.822, 'pos': 0.178, 'compound': 0.8591}
{'neg': 0.096, 'neu': 0.776, 'pos': 0.127, 'compound': 0.2533}
{'neg': 0.053, 'neu': 0.792, 'pos': 0.155, 'compound': 0.7783}
{'neg': 0.0, 'neu': 0.784, 'pos': 0.216, 'compound': 0.765}
{'neg': 0.103, 'neu': 0.736, 'pos': 0.161, 'compound': 0.9727}
{'neg': 0.123, 'neu': 0.714, 'pos': 0.163, 'compound': 0.25}
{'neg': 0.158, 'neu': 0.693, 'pos': 0.148, 'compound': -0.4497}
{'neg': 0.033, 'neu': 0.799, 'pos': 0.168, 'compound': 0.9508}
{'neg': 0.107, 'neu': 0.692, 'pos': 0.202, 'compound': 0.8159}
{'neg': 0.134, 'neu': 0.786, 'pos': 0.08, 'compound': -0.6898}
{'neg': 0.024, 'neu': 0.714, 'pos': 0.263, 'compound': 0.9672}
{'neg': 0.055, 'neu': 0.84, 'pos': 0.105, 'compound': 0.886}
{'neg': 0.0, 'neu': 0.812, 'pos': 0.188, 'compound': 0.9763}
{'neg': 0.049, 'neu': 0.716, 'pos': 0.234, 'compound': 0.9277}
{'neg': 0.132, 'neu': 0.777, 'pos': 0.091, 'compound': -0.5652}
{'neg': 0.05, 'neu': 0.776, 'pos': 0.174, 'compound': 0.9252}
{'neg': 0.072, 'neu': 0.623, 'pos': 0.305, 'compound': 0.7964}
{'neg': 0.0, 'neu': 0.756, 'pos': 0.244, 'compound': 0.9418}
{'neg': 0.066, 'neu': 0.755, 'pos': 0.179, 'compound': 0.7102}
{'neg': 0.11, 'neu': 0.703, 'pos': 0.188, 'compound': 0.6768}
{'neg': 0.114, 'neu': 0.74, 'pos': 0.146, 'compound': 0.2592}
{'neg': 0.083, 'neu': 0.81, 'pos': 0.106, 'compound': 0.4916}
{'neg': 0.048, 'neu': 0.872, 'pos': 0.08, 'compound': 0.437}
{'neg': 0.019, 'neu': 0.715, 'pos': 0.267, 'compound': 0.9977}
{'neg': 0.0, 'neu': 0.683, 'pos': 0.317, 'compound': 0.9494}
{'neg': 0.0, 'neu': 0.832, 'pos': 0.168, 'compound': 0.9392}
{'neg': 0.108, 'neu': 0.892, 'pos': 0.0, 'compound': -0.7724}
{'neg': 0.092, 'neu': 0.764, 'pos': 0.144, 'compound': 0.7072}
{'neg': 0.023, 'neu': 0.849, 'pos': 0.129, 'compound': 0.9796}
{'neg': 0.024, 'neu': 0.828, 'pos': 0.148, 'compound': 0.987}
{'neg': 0.067, 'neu': 0.675, 'pos': 0.258, 'compound': 0.8294}
{'neg': 0.043, 'neu': 0.82, 'pos': 0.137, 'compound': 0.8151}
{'neg': 0.119, 'neu': 0.791, 'pos': 0.09, 'compound': -0.3169}
{'neg': 0.137, 'neu': 0.705, 'pos': 0.158, 'compound': 0.3566}
{'neg': 0.058, 'neu': 0.942, 'pos': 0.0, 'compound': -0.8179}
{'neg': 0.055, 'neu': 0.877, 'pos': 0.068, 'compound': 0.4963}
{'neg': 0.022, 'neu': 0.849, 'pos': 0.129, 'compound': 0.9952}
{'neg': 0.04, 'neu': 0.81, 'pos': 0.151, 'compound': 0.7543}
{'neg': 0.188, 'neu': 0.812, 'pos': 0.0, 'compound': -0.6667}
{'neg': 0.1, 'neu': 0.81, 'pos': 0.09, 'compound': -0.4339}
{'neg': 0.0, 'neu': 0.745, 'pos': 0.255, 'compound': 0.9694}
{'neg': 0.044, 'neu': 0.873, 'pos': 0.083, 'compound': 0.6536}
{'neg': 0.045, 'neu': 0.821, 'pos': 0.134, 'compound': 0.8747}
{'neg': 0.069, 'neu': 0.913, 'pos': 0.019, 'compound': -0.7713}
{'neg': 0.036, 'neu': 0.824, 'pos': 0.14, 'compound': 0.9651}
{'neg': 0.0, 'neu': 0.737, 'pos': 0.263, 'compound': 0.8481}
{'neg': 0.277, 'neu': 0.723, 'pos': 0.0, 'compound': -0.3182}
{'neg': 0.243, 'neu': 0.757, 'pos': 0.0, 'compound': -0.7511}
{'neg': 0.105, 'neu': 0.815, 'pos': 0.08, 'compound': -0.6791}
{'neg': 0.0, 'neu': 0.42, 'pos': 0.58, 'compound': 0.8519}
{'neg': 0.071, 'neu': 0.903, 'pos': 0.026, 'compound': -0.2049}
{'neg': 0.0, 'neu': 0.833, 'pos': 0.167, 'compound': 0.9217}
{'neg': 0.0, 'neu': 0.781, 'pos': 0.219, 'compound': 0.8687}
{'neg': 0.0, 'neu': 0.727, 'pos': 0.273, 'compound': 0.8977}
{'neg': 0.058, 'neu': 0.817, 'pos': 0.125, 'compound': 0.872}
{'neg': 0.018, 'neu': 0.929, 'pos': 0.054, 'compound': 0.3612}
{'neg': 0.078, 'neu': 0.801, 'pos': 0.121, 'compound': 0.9437}
{'neg': 0.0, 'neu': 0.654, 'pos': 0.346, 'compound': 0.6542}
{'neg': 0.219, 'neu': 0.754, 'pos': 0.027, 'compound': -0.9195}
{'neg': 0.081, 'neu': 0.67, 'pos': 0.249, 'compound': 0.9889}
{'neg': 0.027, 'neu': 0.74, 'pos': 0.233, 'compound': 0.9899}
{'neg': 0.059, 'neu': 0.881, 'pos': 0.06, 'compound': -0.358}
{'neg': 0.0, 'neu': 0.749, 'pos': 0.251, 'compound': 0.8425}
{'neg': 0.0, 'neu': 0.823, 'pos': 0.177, 'compound': 0.9325}
{'neg': 0.036, 'neu': 0.876, 'pos': 0.088, 'compound': 0.8705}
{'neg': 0.046, 'neu': 0.847, 'pos': 0.108, 'compound': 0.8125}
{'neg': 0.052, 'neu': 0.875, 'pos': 0.073, 'compound': 0.5635}
{'neg': 0.032, 'neu': 0.703, 'pos': 0.265, 'compound': 0.9877}
{'neg': 0.07, 'neu': 0.808, 'pos': 0.122, 'compound': 0.9476}
{'neg': 0.015, 'neu': 0.853, 'pos': 0.132, 'compound': 0.9}
{'neg': 0.0, 'neu': 0.939, 'pos': 0.061, 'compound': 0.0772}
{'neg': 0.111, 'neu': 0.769, 'pos': 0.12, 'compound': -0.2239}
{'neg': 0.0, 'neu': 0.743, 'pos': 0.257, 'compound': 0.9841}
{'neg': 0.092, 'neu': 0.888, 'pos': 0.02, 'compound': -0.9775}
{'neg': 0.095, 'neu': 0.788, 'pos': 0.117, 'compound': 0.5215}
{'neg': 0.065, 'neu': 0.698, 'pos': 0.237, 'compound': 0.9413}
{'neg': 0.134, 'neu': 0.73, 'pos': 0.136, 'compound': -0.3274}
{'neg': 0.128, 'neu': 0.851, 'pos': 0.021, 'compound': -0.968}
{'neg': 0.095, 'neu': 0.704, 'pos': 0.201, 'compound': 0.7974}
{'neg': 0.122, 'neu': 0.832, 'pos': 0.046, 'compound': -0.9555}
{'neg': 0.08, 'neu': 0.853, 'pos': 0.067, 'compound': 0.0121}
{'neg': 0.0, 'neu': 0.788, 'pos': 0.212, 'compound': 0.9931}
{'neg': 0.058, 'neu': 0.766, 'pos': 0.176, 'compound': 0.9845}
{'neg': 0.0, 'neu': 0.834, 'pos': 0.166, 'compound': 0.9258}
{'neg': 0.036, 'neu': 0.841, 'pos': 0.123, 'compound': 0.9766}
{'neg': 0.071, 'neu': 0.843, 'pos': 0.087, 'compound': -0.1253}
{'neg': 0.0, 'neu': 0.874, 'pos': 0.126, 'compound': 0.9505}
{'neg': 0.059, 'neu': 0.824, 'pos': 0.117, 'compound': 0.9588}
{'neg': 0.0, 'neu': 0.96, 'pos': 0.04, 'compound': 0.2732}
{'neg': 0.0, 'neu': 0.615, 'pos': 0.385, 'compound': 0.9726}
{'neg': 0.0, 'neu': 0.278, 'pos': 0.722, 'compound': 0.8316}
{'neg': 0.203, 'neu': 0.547, 'pos': 0.25, 'compound': -0.1027}
{'neg': 0.144, 'neu': 0.817, 'pos': 0.039, 'compound': -0.5849}
{'neg': 0.066, 'neu': 0.812, 'pos': 0.121, 'compound': 0.903}
{'neg': 0.091, 'neu': 0.87, 'pos': 0.039, 'compound': -0.4416}
{'neg': 0.084, 'neu': 0.845, 'pos': 0.071, 'compound': -0.1875}
{'neg': 0.016, 'neu': 0.916, 'pos': 0.068, 'compound': 0.7944}
{'neg': 0.097, 'neu': 0.903, 'pos': 0.0, 'compound': -0.7485}
{'neg': 0.202, 'neu': 0.588, 'pos': 0.21, 'compound': 0.0258}
{'neg': 0.074, 'neu': 0.891, 'pos': 0.035, 'compound': -0.829}
{'neg': 0.0, 'neu': 0.552, 'pos': 0.448, 'compound': 0.952}
{'neg': 0.028, 'neu': 0.847, 'pos': 0.125, 'compound': 0.9855}
{'neg': 0.047, 'neu': 0.797, 'pos': 0.156, 'compound': 0.8217}
{'neg': 0.05, 'neu': 0.736, 'pos': 0.214, 'compound': 0.9931}
{'neg': 0.15, 'neu': 0.74, 'pos': 0.109, 'compound': -0.068}
{'neg': 0.0, 'neu': 1.0, 'pos': 0.0, 'compound': 0.0}
{'neg': 0.0, 'neu': 0.83, 'pos': 0.17, 'compound': 0.5719}
{'neg': 0.008, 'neu': 0.936, 'pos': 0.057, 'compound': 0.8331}
{'neg': 0.0, 'neu': 0.839, 'pos': 0.161, 'compound': 0.8885}
{'neg': 0.069, 'neu': 0.802, 'pos': 0.129, 'compound': 0.8813}
{'neg': 0.015, 'neu': 0.961, 'pos': 0.024, 'compound': 0.1711}
{'neg': 0.041, 'neu': 0.926, 'pos': 0.034, 'compound': 0.1027}
{'neg': 0.202, 'neu': 0.76, 'pos': 0.038, 'compound': -0.9599}
{'neg': 0.0, 'neu': 0.579, 'pos': 0.421, 'compound': 0.9269}
{'neg': 0.0, 'neu': 0.904, 'pos': 0.096, 'compound': 0.6369}
{'neg': 0.038, 'neu': 0.949, 'pos': 0.013, 'compound': -0.63}
{'neg': 0.0, 'neu': 0.815, 'pos': 0.185, 'compound': 0.8897}
{'neg': 0.114, 'neu': 0.86, 'pos': 0.026, 'compound': -0.9847}
{'neg': 0.025, 'neu': 0.79, 'pos': 0.185, 'compound': 0.9904}
{'neg': 0.045, 'neu': 0.85, 'pos': 0.105, 'compound': 0.8689}
{'neg': 0.035, 'neu': 0.661, 'pos': 0.304, 'compound': 0.9799}
{'neg': 0.016, 'neu': 0.864, 'pos': 0.12, 'compound': 0.9526}
{'neg': 0.078, 'neu': 0.828, 'pos': 0.093, 'compound': 0.6008}
{'neg': 0.048, 'neu': 0.795, 'pos': 0.156, 'compound': 0.9741}
{'neg': 0.028, 'neu': 0.752, 'pos': 0.22, 'compound': 0.8885}
{'neg': 0.02, 'neu': 0.641, 'pos': 0.339, 'compound': 0.9865}
{'neg': 0.04, 'neu': 0.801, 'pos': 0.16, 'compound': 0.9875}
{'neg': 0.0, 'neu': 0.793, 'pos': 0.207, 'compound': 0.985}
{'neg': 0.016, 'neu': 0.83, 'pos': 0.154, 'compound': 0.9872}
{'neg': 0.0, 'neu': 0.706, 'pos': 0.294, 'compound': 0.9493}
{'neg': 0.0, 'neu': 0.709, 'pos': 0.291, 'compound': 0.9468}
{'neg': 0.045, 'neu': 0.912, 'pos': 0.044, 'compound': -0.024}
{'neg': 0.01, 'neu': 0.83, 'pos': 0.161, 'compound': 0.9872}
{'neg': 0.074, 'neu': 0.613, 'pos': 0.312, 'compound': 0.9896}
{'neg': 0.176, 'neu': 0.786, 'pos': 0.038, 'compound': -0.9661}
{'neg': 0.043, 'neu': 0.839, 'pos': 0.119, 'compound': 0.792}
{'neg': 0.0, 'neu': 0.909, 'pos': 0.091, 'compound': 0.8931}
{'neg': 0.0, 'neu': 0.662, 'pos': 0.338, 'compound': 0.9698}
{'neg': 0.0, 'neu': 0.594, 'pos': 0.406, 'compound': 0.9133}
{'neg': 0.0, 'neu': 0.534, 'pos': 0.466, 'compound': 0.9816}
{'neg': 0.022, 'neu': 0.843, 'pos': 0.136, 'compound': 0.9839}
{'neg': 0.055, 'neu': 0.842, 'pos': 0.103, 'compound': 0.7845}
{'neg': 0.018, 'neu': 0.714, 'pos': 0.268, 'compound': 0.9969}
{'neg': 0.018, 'neu': 0.835, 'pos': 0.146, 'compound': 0.9911}
{'neg': 0.038, 'neu': 0.83, 'pos': 0.132, 'compound': 0.9767}
{'neg': 0.066, 'neu': 0.765, 'pos': 0.168, 'compound': 0.9233}
{'neg': 0.05, 'neu': 0.83, 'pos': 0.12, 'compound': 0.505}
{'neg': 0.025, 'neu': 0.77, 'pos': 0.205, 'compound': 0.9906}
{'neg': 0.0, 'neu': 0.495, 'pos': 0.505, 'compound': 0.9359}
{'neg': 0.019, 'neu': 0.793, 'pos': 0.188, 'compound': 0.9929}
{'neg': 0.051, 'neu': 0.754, 'pos': 0.195, 'compound': 0.9859}
{'neg': 0.12, 'neu': 0.742, 'pos': 0.139, 'compound': -0.0258}
{'neg': 0.05, 'neu': 0.876, 'pos': 0.074, 'compound': 0.7971}
{'neg': 0.0, 'neu': 0.789, 'pos': 0.211, 'compound': 0.8379}
{'neg': 0.0, 'neu': 0.717, 'pos': 0.283, 'compound': 0.9857}
{'neg': 0.019, 'neu': 0.841, 'pos': 0.14, 'compound': 0.9775}
{'neg': 0.052, 'neu': 0.892, 'pos': 0.056, 'compound': 0.3919}
{'neg': 0.217, 'neu': 0.783, 'pos': 0.0, 'compound': -0.9245}
{'neg': 0.069, 'neu': 0.895, 'pos': 0.036, 'compound': -0.5682}
{'neg': 0.168, 'neu': 0.79, 'pos': 0.042, 'compound': -0.9267}
{'neg': 0.085, 'neu': 0.862, 'pos': 0.053, 'compound': -0.3832}
{'neg': 0.038, 'neu': 0.897, 'pos': 0.065, 'compound': 0.4387}
{'neg': 0.023, 'neu': 0.871, 'pos': 0.106, 'compound': 0.9672}
{'neg': 0.055, 'neu': 0.791, 'pos': 0.154, 'compound': 0.9836}
{'neg': 0.101, 'neu': 0.759, 'pos': 0.14, 'compound': 0.9701}
{'neg': 0.09, 'neu': 0.862, 'pos': 0.048, 'compound': -0.5992}
{'neg': 0.0, 'neu': 0.81, 'pos': 0.19, 'compound': 0.9147}
{'neg': 0.0, 'neu': 0.842, 'pos': 0.158, 'compound': 0.9803}
{'neg': 0.0, 'neu': 0.924, 'pos': 0.076, 'compound': 0.4927}
{'neg': 0.056, 'neu': 0.78, 'pos': 0.164, 'compound': 0.9773}
{'neg': 0.0, 'neu': 1.0, 'pos': 0.0, 'compound': 0.0}
{'neg': 0.07, 'neu': 0.773, 'pos': 0.157, 'compound': 0.5722}
{'neg': 0.0, 'neu': 0.675, 'pos': 0.325, 'compound': 0.8462}
{'neg': 0.023, 'neu': 0.783, 'pos': 0.194, 'compound': 0.9921}
{'neg': 0.037, 'neu': 0.785, 'pos': 0.178, 'compound': 0.9905}
{'neg': 0.024, 'neu': 0.698, 'pos': 0.277, 'compound': 0.9881}
{'neg': 0.0, 'neu': 0.575, 'pos': 0.425, 'compound': 0.9688}
{'neg': 0.0, 'neu': 0.696, 'pos': 0.304, 'compound': 0.9246}
{'neg': 0.0, 'neu': 0.835, 'pos': 0.165, 'compound': 0.9559}
{'neg': 0.08, 'neu': 0.833, 'pos': 0.087, 'compound': 0.2201}
{'neg': 0.122, 'neu': 0.731, 'pos': 0.147, 'compound': 0.6659}
{'neg': 0.005, 'neu': 0.828, 'pos': 0.167, 'compound': 0.9823}
{'neg': 0.0, 'neu': 0.761, 'pos': 0.239, 'compound': 0.9745}
{'neg': 0.0, 'neu': 0.753, 'pos': 0.247, 'compound': 0.8689}
{'neg': 0.196, 'neu': 0.804, 'pos': 0.0, 'compound': -0.8074}
{'neg': 0.211, 'neu': 0.679, 'pos': 0.109, 'compound': -0.4005}
{'neg': 0.083, 'neu': 0.822, 'pos': 0.095, 'compound': 0.3827}
{'neg': 0.024, 'neu': 0.813, 'pos': 0.163, 'compound': 0.946}
{'neg': 0.034, 'neu': 0.825, 'pos': 0.14, 'compound': 0.9619}
{'neg': 0.158, 'neu': 0.842, 'pos': 0.0, 'compound': -0.8518}
{'neg': 0.151, 'neu': 0.785, 'pos': 0.063, 'compound': -0.9561}
{'neg': 0.058, 'neu': 0.824, 'pos': 0.118, 'compound': 0.9817}
{'neg': 0.0, 'neu': 0.731, 'pos': 0.269, 'compound': 0.9853}
{'neg': 0.0, 'neu': 0.584, 'pos': 0.416, 'compound': 0.9022}
{'neg': 0.009, 'neu': 0.722, 'pos': 0.27, 'compound': 0.9964}
{'neg': 0.024, 'neu': 0.767, 'pos': 0.209, 'compound': 0.9952}
{'neg': 0.051, 'neu': 0.863, 'pos': 0.086, 'compound': 0.8016}
{'neg': 0.048, 'neu': 0.805, 'pos': 0.147, 'compound': 0.955}
{'neg': 0.269, 'neu': 0.685, 'pos': 0.046, 'compound': -0.9281}
{'neg': 0.029, 'neu': 0.739, 'pos': 0.232, 'compound': 0.9451}
{'neg': 0.114, 'neu': 0.804, 'pos': 0.082, 'compound': -0.2575}
{'neg': 0.06, 'neu': 0.809, 'pos': 0.131, 'compound': 0.9249}
{'neg': 0.077, 'neu': 0.688, 'pos': 0.236, 'compound': 0.9822}
{'neg': 0.157, 'neu': 0.78, 'pos': 0.064, 'compound': -0.9317}
{'neg': 0.174, 'neu': 0.735, 'pos': 0.09, 'compound': -0.5029}
{'neg': 0.084, 'neu': 0.916, 'pos': 0.0, 'compound': -0.5106}
{'neg': 0.059, 'neu': 0.818, 'pos': 0.123, 'compound': 0.5785}
{'neg': 0.087, 'neu': 0.81, 'pos': 0.103, 'compound': 0.5773}
{'neg': 0.043, 'neu': 0.878, 'pos': 0.079, 'compound': 0.34}
{'neg': 0.07, 'neu': 0.831, 'pos': 0.099, 'compound': 0.2854}
{'neg': 0.112, 'neu': 0.837, 'pos': 0.051, 'compound': -0.9732}
{'neg': 0.0, 'neu': 0.96, 'pos': 0.04, 'compound': 0.3612}
{'neg': 0.088, 'neu': 0.817, 'pos': 0.094, 'compound': -0.0008}
{'neg': 0.101, 'neu': 0.858, 'pos': 0.041, 'compound': -0.931}
{'neg': 0.014, 'neu': 0.752, 'pos': 0.235, 'compound': 0.9726}
{'neg': 0.092, 'neu': 0.819, 'pos': 0.089, 'compound': -0.5704}
{'neg': 0.148, 'neu': 0.78, 'pos': 0.072, 'compound': -0.95}
{'neg': 0.02, 'neu': 0.883, 'pos': 0.097, 'compound': 0.923}
{'neg': 0.154, 'neu': 0.839, 'pos': 0.007, 'compound': -0.9841}
{'neg': 0.15, 'neu': 0.805, 'pos': 0.045, 'compound': -0.7566}
{'neg': 0.07, 'neu': 0.89, 'pos': 0.041, 'compound': -0.3612}
{'neg': 0.005, 'neu': 0.836, 'pos': 0.159, 'compound': 0.9889}
{'neg': 0.124, 'neu': 0.849, 'pos': 0.027, 'compound': -0.6711}
{'neg': 0.028, 'neu': 0.893, 'pos': 0.079, 'compound': 0.7044}
{'neg': 0.0, 'neu': 0.637, 'pos': 0.363, 'compound': 0.9524}
{'neg': 0.0, 'neu': 0.513, 'pos': 0.487, 'compound': 0.9741}
{'neg': 0.0, 'neu': 0.613, 'pos': 0.387, 'compound': 0.9796}
{'neg': 0.0, 'neu': 0.718, 'pos': 0.282, 'compound': 0.8905}
{'neg': 0.0, 'neu': 0.667, 'pos': 0.333, 'compound': 0.7579}
{'neg': 0.104, 'neu': 0.769, 'pos': 0.127, 'compound': 0.2732}
{'neg': 0.082, 'neu': 0.802, 'pos': 0.116, 'compound': 0.4215}
{'neg': 0.0, 'neu': 0.842, 'pos': 0.158, 'compound': 0.8625}
{'neg': 0.0, 'neu': 0.808, 'pos': 0.192, 'compound': 0.7845}
{'neg': 0.047, 'neu': 0.763, 'pos': 0.189, 'compound': 0.9463}
{'neg': 0.173, 'neu': 0.618, 'pos': 0.208, 'compound': 0.25}
{'neg': 0.131, 'neu': 0.799, 'pos': 0.07, 'compound': -0.961}
{'neg': 0.025, 'neu': 0.653, 'pos': 0.322, 'compound': 0.9926}
{'neg': 0.0, 'neu': 0.845, 'pos': 0.155, 'compound': 0.9476}
{'neg': 0.218, 'neu': 0.718, 'pos': 0.065, 'compound': -0.9925}
{'neg': 0.205, 'neu': 0.703, 'pos': 0.093, 'compound': -0.5434}
{'neg': 0.146, 'neu': 0.742, 'pos': 0.112, 'compound': -0.4005}
{'neg': 0.134, 'neu': 0.743, 'pos': 0.123, 'compound': -0.2669}
{'neg': 0.079, 'neu': 0.549, 'pos': 0.372, 'compound': 0.7003}
{'neg': 0.069, 'neu': 0.577, 'pos': 0.355, 'compound': 0.9713}
{'neg': 0.22, 'neu': 0.661, 'pos': 0.119, 'compound': -0.6456}
{'neg': 0.012, 'neu': 0.77, 'pos': 0.218, 'compound': 0.9761}
{'neg': 0.029, 'neu': 0.911, 'pos': 0.06, 'compound': 0.4305}
{'neg': 0.16, 'neu': 0.774, 'pos': 0.067, 'compound': -0.933}
{'neg': 0.111, 'neu': 0.625, 'pos': 0.264, 'compound': 0.4782}
{'neg': 0.355, 'neu': 0.645, 'pos': 0.0, 'compound': -0.296}
{'neg': 0.028, 'neu': 0.755, 'pos': 0.218, 'compound': 0.8068}
{'neg': 0.0, 'neu': 0.926, 'pos': 0.074, 'compound': 0.4767}
{'neg': 0.028, 'neu': 0.783, 'pos': 0.189, 'compound': 0.9712}
{'neg': 0.0, 'neu': 0.597, 'pos': 0.403, 'compound': 0.9509}
{'neg': 0.085, 'neu': 0.756, 'pos': 0.159, 'compound': 0.7003}
{'neg': 0.023, 'neu': 0.834, 'pos': 0.143, 'compound': 0.9727}
{'neg': 0.096, 'neu': 0.889, 'pos': 0.016, 'compound': -0.9516}
{'neg': 0.102, 'neu': 0.898, 'pos': 0.0, 'compound': -0.7003}
{'neg': 0.029, 'neu': 0.883, 'pos': 0.088, 'compound': 0.9241}
{'neg': 0.025, 'neu': 0.836, 'pos': 0.14, 'compound': 0.9136}
{'neg': 0.02, 'neu': 0.887, 'pos': 0.093, 'compound': 0.7726}
{'neg': 0.056, 'neu': 0.83, 'pos': 0.114, 'compound': 0.882}
{'neg': 0.105, 'neu': 0.671, 'pos': 0.224, 'compound': 0.744}
{'neg': 0.0, 'neu': 0.548, 'pos': 0.452, 'compound': 0.5106}
{'neg': 0.0, 'neu': 0.505, 'pos': 0.495, 'compound': 0.8689}
{'neg': 0.084, 'neu': 0.759, 'pos': 0.157, 'compound': 0.9207}
{'neg': 0.035, 'neu': 0.868, 'pos': 0.098, 'compound': 0.7776}
{'neg': 0.061, 'neu': 0.759, 'pos': 0.18, 'compound': 0.6701}
{'neg': 0.115, 'neu': 0.763, 'pos': 0.122, 'compound': -0.0197}
{'neg': 0.0, 'neu': 0.727, 'pos': 0.273, 'compound': 0.5423}
{'neg': 0.646, 'neu': 0.354, 'pos': 0.0, 'compound': -0.8074}
{'neg': 0.01, 'neu': 0.822, 'pos': 0.168, 'compound': 0.9763}
{'neg': 0.279, 'neu': 0.721, 'pos': 0.0, 'compound': -0.7003}
{'neg': 0.0, 'neu': 0.841, 'pos': 0.159, 'compound': 0.7906}
{'neg': 0.027, 'neu': 0.802, 'pos': 0.171, 'compound': 0.9535}
{'neg': 0.046, 'neu': 0.9, 'pos': 0.054, 'compound': 0.1669}
{'neg': 0.025, 'neu': 0.74, 'pos': 0.236, 'compound': 0.9873}
{'neg': 0.045, 'neu': 0.955, 'pos': 0.0, 'compound': -0.3182}
{'neg': 0.0, 'neu': 1.0, 'pos': 0.0, 'compound': 0.0}
{'neg': 0.023, 'neu': 0.837, 'pos': 0.14, 'compound': 0.9788}
{'neg': 0.107, 'neu': 0.893, 'pos': 0.0, 'compound': -0.4588}
{'neg': 0.044, 'neu': 0.824, 'pos': 0.132, 'compound': 0.9525}
{'neg': 0.101, 'neu': 0.708, 'pos': 0.19, 'compound': 0.7322}
{'neg': 0.049, 'neu': 0.882, 'pos': 0.069, 'compound': 0.3626}
{'neg': 0.121, 'neu': 0.814, 'pos': 0.065, 'compound': -0.7916}
{'neg': 0.009, 'neu': 0.946, 'pos': 0.045, 'compound': 0.7428}
{'neg': 0.067, 'neu': 0.908, 'pos': 0.025, 'compound': -0.882}
{'neg': 0.218, 'neu': 0.748, 'pos': 0.033, 'compound': -0.9833}
{'neg': 0.127, 'neu': 0.853, 'pos': 0.019, 'compound': -0.8955}
{'neg': 0.023, 'neu': 0.785, 'pos': 0.192, 'compound': 0.8621}
{'neg': 0.246, 'neu': 0.681, 'pos': 0.074, 'compound': -0.9246}
{'neg': 0.042, 'neu': 0.812, 'pos': 0.146, 'compound': 0.9367}
{'neg': 0.046, 'neu': 0.82, 'pos': 0.133, 'compound': 0.9519}
{'neg': 0.076, 'neu': 0.769, 'pos': 0.155, 'compound': 0.6562}
{'neg': 0.039, 'neu': 0.924, 'pos': 0.036, 'compound': -0.1941}
{'neg': 0.0, 'neu': 0.585, 'pos': 0.415, 'compound': 0.8316}
{'neg': 0.0, 'neu': 0.912, 'pos': 0.088, 'compound': 0.5106}
{'neg': 0.151, 'neu': 0.786, 'pos': 0.063, 'compound': -0.9893}
{'neg': 0.0, 'neu': 0.776, 'pos': 0.224, 'compound': 0.9482}
{'neg': 0.013, 'neu': 0.796, 'pos': 0.191, 'compound': 0.9942}
{'neg': 0.102, 'neu': 0.749, 'pos': 0.149, 'compound': 0.7386}
{'neg': 0.194, 'neu': 0.735, 'pos': 0.071, 'compound': -0.6715}
{'neg': 0.206, 'neu': 0.746, 'pos': 0.048, 'compound': -0.8973}
{'neg': 0.095, 'neu': 0.769, 'pos': 0.137, 'compound': 0.9225}
{'neg': 0.078, 'neu': 0.871, 'pos': 0.051, 'compound': -0.5583}
{'neg': 0.0, 'neu': 0.81, 'pos': 0.19, 'compound': 0.927}
{'neg': 0.07, 'neu': 0.683, 'pos': 0.247, 'compound': 0.9684}
{'neg': 0.029, 'neu': 0.714, 'pos': 0.257, 'compound': 0.9559}
{'neg': 0.011, 'neu': 0.648, 'pos': 0.341, 'compound': 0.998}
{'neg': 0.062, 'neu': 0.868, 'pos': 0.07, 'compound': 0.1244}
{'neg': 0.017, 'neu': 0.914, 'pos': 0.069, 'compound': 0.6801}
{'neg': 0.013, 'neu': 0.897, 'pos': 0.09, 'compound': 0.8481}
{'neg': 0.133, 'neu': 0.806, 'pos': 0.06, 'compound': -0.606}
{'neg': 0.049, 'neu': 0.788, 'pos': 0.163, 'compound': 0.9199}
{'neg': 0.0, 'neu': 0.903, 'pos': 0.097, 'compound': 0.4404}
{'neg': 0.081, 'neu': 0.712, 'pos': 0.206, 'compound': 0.9917}
{'neg': 0.0, 'neu': 0.388, 'pos': 0.612, 'compound': 0.7845}
{'neg': 0.069, 'neu': 0.795, 'pos': 0.136, 'compound': 0.9352}
{'neg': 0.095, 'neu': 0.839, 'pos': 0.066, 'compound': -0.7506}
{'neg': 0.0, 'neu': 0.651, 'pos': 0.349, 'compound': 0.9914}
{'neg': 0.356, 'neu': 0.516, 'pos': 0.128, 'compound': -0.8558}
{'neg': 0.093, 'neu': 0.782, 'pos': 0.125, 'compound': 0.9142}
{'neg': 0.019, 'neu': 0.851, 'pos': 0.129, 'compound': 0.9703}
{'neg': 0.029, 'neu': 0.786, 'pos': 0.184, 'compound': 0.9769}
{'neg': 0.0, 'neu': 1.0, 'pos': 0.0, 'compound': 0.0}
{'neg': 0.026, 'neu': 0.846, 'pos': 0.128, 'compound': 0.9885}
{'neg': 0.238, 'neu': 0.72, 'pos': 0.042, 'compound': -0.9983}
{'neg': 0.0, 'neu': 1.0, 'pos': 0.0, 'compound': 0.0}
{'neg': 0.0, 'neu': 1.0, 'pos': 0.0, 'compound': 0.0}
{'neg': 0.034, 'neu': 0.715, 'pos': 0.251, 'compound': 0.9799}
{'neg': 0.0, 'neu': 0.839, 'pos': 0.161, 'compound': 0.8399}
{'neg': 0.0, 'neu': 0.766, 'pos': 0.234, 'compound': 0.9312}
{'neg': 0.044, 'neu': 0.737, 'pos': 0.219, 'compound': 0.9744}
{'neg': 0.073, 'neu': 0.863, 'pos': 0.064, 'compound': -0.5473}
{'neg': 0.135, 'neu': 0.865, 'pos': 0.0, 'compound': -0.4939}
{'neg': 0.078, 'neu': 0.854, 'pos': 0.069, 'compound': -0.6454}
{'neg': 0.075, 'neu': 0.749, 'pos': 0.176, 'compound': 0.5859}
{'neg': 0.0, 'neu': 0.974, 'pos': 0.026, 'compound': 0.2732}
{'neg': 0.0, 'neu': 0.825, 'pos': 0.175, 'compound': 0.9553}
{'neg': 0.0, 'neu': 0.809, 'pos': 0.191, 'compound': 0.872}
{'neg': 0.092, 'neu': 0.735, 'pos': 0.173, 'compound': 0.704}
{'neg': 0.0, 'neu': 0.86, 'pos': 0.14, 'compound': 0.2382}
{'neg': 0.05, 'neu': 0.67, 'pos': 0.28, 'compound': 0.8625}
{'neg': 0.055, 'neu': 0.822, 'pos': 0.123, 'compound': 0.9059}
{'neg': 0.0, 'neu': 0.72, 'pos': 0.28, 'compound': 0.9729}
{'neg': 0.03, 'neu': 0.72, 'pos': 0.25, 'compound': 0.9778}
{'neg': 0.123, 'neu': 0.877, 'pos': 0.0, 'compound': -0.6375}
{'neg': 0.0, 'neu': 0.915, 'pos': 0.085, 'compound': 0.802}
{'neg': 0.084, 'neu': 0.845, 'pos': 0.071, 'compound': -0.5948}
{'neg': 0.182, 'neu': 0.797, 'pos': 0.021, 'compound': -0.9259}
{'neg': 0.191, 'neu': 0.809, 'pos': 0.0, 'compound': -0.8658}
{'neg': 0.195, 'neu': 0.723, 'pos': 0.081, 'compound': -0.8868}
{'neg': 0.087, 'neu': 0.877, 'pos': 0.036, 'compound': -0.7301}
{'neg': 0.08, 'neu': 0.79, 'pos': 0.131, 'compound': 0.663}
{'neg': 0.216, 'neu': 0.784, 'pos': 0.0, 'compound': -0.841}
{'neg': 0.0, 'neu': 0.862, 'pos': 0.138, 'compound': 0.1531}
{'neg': 0.0, 'neu': 0.841, 'pos': 0.159, 'compound': 0.9489}
{'neg': 0.0, 'neu': 0.871, 'pos': 0.129, 'compound': 0.7269}
{'neg': 0.089, 'neu': 0.762, 'pos': 0.15, 'compound': 0.9699}
{'neg': 0.058, 'neu': 0.751, 'pos': 0.191, 'compound': 0.9731}
{'neg': 0.085, 'neu': 0.904, 'pos': 0.012, 'compound': -0.8814}
{'neg': 0.045, 'neu': 0.855, 'pos': 0.101, 'compound': 0.9266}
{'neg': 0.099, 'neu': 0.824, 'pos': 0.077, 'compound': -0.3742}
{'neg': 0.05, 'neu': 0.855, 'pos': 0.095, 'compound': 0.6334}
{'neg': 0.043, 'neu': 0.808, 'pos': 0.149, 'compound': 0.9783}
{'neg': 0.116, 'neu': 0.794, 'pos': 0.09, 'compound': -0.8929}
{'neg': 0.03, 'neu': 0.667, 'pos': 0.303, 'compound': 0.9891}
{'neg': 0.065, 'neu': 0.827, 'pos': 0.108, 'compound': 0.941}
{'neg': 0.087, 'neu': 0.845, 'pos': 0.068, 'compound': -0.9459}
{'neg': 0.049, 'neu': 0.848, 'pos': 0.103, 'compound': 0.5859}
{'neg': 0.164, 'neu': 0.724, 'pos': 0.112, 'compound': -0.8041}
{'neg': 0.081, 'neu': 0.744, 'pos': 0.174, 'compound': 0.97}
{'neg': 0.126, 'neu': 0.799, 'pos': 0.074, 'compound': -0.5574}
{'neg': 0.0, 'neu': 0.872, 'pos': 0.128, 'compound': 0.9062}
{'neg': 0.037, 'neu': 0.831, 'pos': 0.132, 'compound': 0.9806}
{'neg': 0.0, 'neu': 0.857, 'pos': 0.143, 'compound': 0.9001}
{'neg': 0.09, 'neu': 0.809, 'pos': 0.101, 'compound': 0.1925}
{'neg': 0.0, 'neu': 0.843, 'pos': 0.157, 'compound': 0.7964}
{'neg': 0.032, 'neu': 0.794, 'pos': 0.174, 'compound': 0.9892}
{'neg': 0.06, 'neu': 0.833, 'pos': 0.107, 'compound': 0.1655}
{'neg': 0.058, 'neu': 0.732, 'pos': 0.21, 'compound': 0.9391}
{'neg': 0.087, 'neu': 0.839, 'pos': 0.074, 'compound': -0.1027}
{'neg': 0.029, 'neu': 0.811, 'pos': 0.161, 'compound': 0.8436}
{'neg': 0.0, 'neu': 0.734, 'pos': 0.266, 'compound': 0.9468}
{'neg': 0.0, 'neu': 0.81, 'pos': 0.19, 'compound': 0.969}
{'neg': 0.0, 'neu': 0.69, 'pos': 0.31, 'compound': 0.6597}
{'neg': 0.061, 'neu': 0.909, 'pos': 0.03, 'compound': -0.3612}
{'neg': 0.061, 'neu': 0.889, 'pos': 0.05, 'compound': -0.1513}
{'neg': 0.056, 'neu': 0.794, 'pos': 0.15, 'compound': 0.8696}
{'neg': 0.032, 'neu': 0.805, 'pos': 0.163, 'compound': 0.9954}
{'neg': 0.12, 'neu': 0.779, 'pos': 0.1, 'compound': -0.34}
{'neg': 0.093, 'neu': 0.805, 'pos': 0.101, 'compound': 0.2328}
{'neg': 0.098, 'neu': 0.787, 'pos': 0.115, 'compound': 0.7591}
{'neg': 0.0, 'neu': 0.752, 'pos': 0.248, 'compound': 0.945}
{'neg': 0.108, 'neu': 0.86, 'pos': 0.033, 'compound': -0.9611}
{'neg': 0.038, 'neu': 0.904, 'pos': 0.057, 'compound': 0.2732}
{'neg': 0.023, 'neu': 0.934, 'pos': 0.043, 'compound': 0.296}
{'neg': 0.088, 'neu': 0.808, 'pos': 0.104, 'compound': 0.4016}
{'neg': 0.24, 'neu': 0.76, 'pos': 0.0, 'compound': -0.8662}
{'neg': 0.115, 'neu': 0.836, 'pos': 0.05, 'compound': -0.273}
{'neg': 0.0, 'neu': 0.81, 'pos': 0.19, 'compound': 0.9184}
{'neg': 0.183, 'neu': 0.735, 'pos': 0.082, 'compound': -0.9322}
{'neg': 0.063, 'neu': 0.742, 'pos': 0.196, 'compound': 0.9661}
{'neg': 0.045, 'neu': 0.905, 'pos': 0.049, 'compound': 0.4019}
{'neg': 0.094, 'neu': 0.75, 'pos': 0.156, 'compound': 0.9606}
{'neg': 0.0, 'neu': 0.748, 'pos': 0.252, 'compound': 0.9678}
{'neg': 0.128, 'neu': 0.804, 'pos': 0.068, 'compound': -0.7003}
{'neg': 0.034, 'neu': 0.667, 'pos': 0.3, 'compound': 0.9465}
{'neg': 0.112, 'neu': 0.755, 'pos': 0.133, 'compound': 0.6731}
{'neg': 0.0, 'neu': 0.765, 'pos': 0.235, 'compound': 0.8934}
{'neg': 0.127, 'neu': 0.691, 'pos': 0.182, 'compound': 0.5023}
{'neg': 0.017, 'neu': 0.902, 'pos': 0.08, 'compound': 0.7717}
{'neg': 0.088, 'neu': 0.84, 'pos': 0.073, 'compound': -0.8647}
{'neg': 0.014, 'neu': 0.801, 'pos': 0.186, 'compound': 0.9871}
{'neg': 0.012, 'neu': 0.859, 'pos': 0.13, 'compound': 0.9348}
{'neg': 0.0, 'neu': 0.832, 'pos': 0.168, 'compound': 0.9022}
{'neg': 0.029, 'neu': 0.948, 'pos': 0.023, 'compound': -0.0348}
{'neg': 0.0, 'neu': 1.0, 'pos': 0.0, 'compound': 0.0}
{'neg': 0.009, 'neu': 0.85, 'pos': 0.141, 'compound': 0.9584}
{'neg': 0.046, 'neu': 0.851, 'pos': 0.103, 'compound': 0.9435}
{'neg': 0.02, 'neu': 0.93, 'pos': 0.05, 'compound': 0.5063}
{'neg': 0.0, 'neu': 0.83, 'pos': 0.17, 'compound': 0.9011}
{'neg': 0.0, 'neu': 0.738, 'pos': 0.262, 'compound': 0.4939}
{'neg': 0.0, 'neu': 0.581, 'pos': 0.419, 'compound': 0.9595}
{'neg': 0.082, 'neu': 0.805, 'pos': 0.113, 'compound': 0.9446}
{'neg': 0.0, 'neu': 0.682, 'pos': 0.318, 'compound': 0.4215}
{'neg': 0.137, 'neu': 0.799, 'pos': 0.064, 'compound': -0.4215}
{'neg': 0.034, 'neu': 0.818, 'pos': 0.147, 'compound': 0.8042}
{'neg': 0.077, 'neu': 0.853, 'pos': 0.07, 'compound': -0.2229}
{'neg': 0.049, 'neu': 0.764, 'pos': 0.188, 'compound': 0.6124}
{'neg': 0.0, 'neu': 0.839, 'pos': 0.161, 'compound': 0.3612}
{'neg': 0.091, 'neu': 0.839, 'pos': 0.07, 'compound': -0.3786}
{'neg': 0.091, 'neu': 0.909, 'pos': 0.0, 'compound': -0.6808}
{'neg': 0.109, 'neu': 0.804, 'pos': 0.086, 'compound': -0.2617}
{'neg': 0.006, 'neu': 0.836, 'pos': 0.158, 'compound': 0.9846}
{'neg': 0.048, 'neu': 0.898, 'pos': 0.054, 'compound': 0.193}
{'neg': 0.137, 'neu': 0.775, 'pos': 0.088, 'compound': -0.8315}
{'neg': 0.0, 'neu': 0.804, 'pos': 0.196, 'compound': 0.899}
{'neg': 0.071, 'neu': 0.757, 'pos': 0.173, 'compound': 0.9718}
{'neg': 0.076, 'neu': 0.809, 'pos': 0.115, 'compound': 0.7005}
{'neg': 0.132, 'neu': 0.731, 'pos': 0.137, 'compound': 0.4085}
{'neg': 0.0, 'neu': 0.829, 'pos': 0.171, 'compound': 0.9538}
{'neg': 0.039, 'neu': 0.741, 'pos': 0.22, 'compound': 0.9524}
{'neg': 0.17, 'neu': 0.52, 'pos': 0.309, 'compound': 0.5867}
{'neg': 0.029, 'neu': 0.865, 'pos': 0.105, 'compound': 0.8771}
{'neg': 0.105, 'neu': 0.877, 'pos': 0.018, 'compound': -0.7573}
{'neg': 0.0, 'neu': 0.66, 'pos': 0.34, 'compound': 0.8847}
{'neg': 0.016, 'neu': 0.79, 'pos': 0.193, 'compound': 0.9709}
{'neg': 0.009, 'neu': 0.897, 'pos': 0.094, 'compound': 0.7947}
{'neg': 0.0, 'neu': 0.866, 'pos': 0.134, 'compound': 0.8062}
{'neg': 0.0, 'neu': 0.537, 'pos': 0.463, 'compound': 0.9042}
{'neg': 0.046, 'neu': 0.954, 'pos': 0.0, 'compound': -0.2755}
{'neg': 0.102, 'neu': 0.797, 'pos': 0.101, 'compound': -0.0186}
{'neg': 0.017, 'neu': 0.813, 'pos': 0.17, 'compound': 0.9845}
{'neg': 0.071, 'neu': 0.878, 'pos': 0.052, 'compound': -0.8075}
{'neg': 0.0, 'neu': 0.728, 'pos': 0.272, 'compound': 0.796}
{'neg': 0.0, 'neu': 0.723, 'pos': 0.277, 'compound': 0.8329}
{'neg': 0.073, 'neu': 0.876, 'pos': 0.051, 'compound': -0.7096}
{'neg': 0.109, 'neu': 0.725, 'pos': 0.166, 'compound': 0.2822}
{'neg': 0.0, 'neu': 0.79, 'pos': 0.21, 'compound': 0.9491}
{'neg': 0.042, 'neu': 0.93, 'pos': 0.028, 'compound': -0.3612}
{'neg': 0.0, 'neu': 0.923, 'pos': 0.077, 'compound': 0.5979}
{'neg': 0.062, 'neu': 0.776, 'pos': 0.162, 'compound': 0.9824}
{'neg': 0.085, 'neu': 0.722, 'pos': 0.193, 'compound': 0.9802}
{'neg': 0.039, 'neu': 0.917, 'pos': 0.044, 'compound': -0.05}
{'neg': 0.0, 'neu': 0.676, 'pos': 0.324, 'compound': 0.9786}
{'neg': 0.024, 'neu': 0.71, 'pos': 0.266, 'compound': 0.9371}
{'neg': 0.0, 'neu': 0.925, 'pos': 0.075, 'compound': 0.6486}
{'neg': 0.096, 'neu': 0.844, 'pos': 0.06, 'compound': -0.8615}
{'neg': 0.084, 'neu': 0.849, 'pos': 0.068, 'compound': -0.1547}
{'neg': 0.084, 'neu': 0.768, 'pos': 0.147, 'compound': 0.7506}
{'neg': 0.0, 'neu': 0.93, 'pos': 0.07, 'compound': 0.5994}
{'neg': 0.043, 'neu': 0.754, 'pos': 0.203, 'compound': 0.9431}
{'neg': 0.079, 'neu': 0.756, 'pos': 0.165, 'compound': 0.8456}
{'neg': 0.037, 'neu': 0.798, 'pos': 0.165, 'compound': 0.8952}
{'neg': 0.041, 'neu': 0.784, 'pos': 0.175, 'compound': 0.9856}
