Polarity_result
{'neg': 0.144, 'neu': 0.691, 'pos': 0.164, 'compound': 0.8705}
{'neg': 0.08, 'neu': 0.736, 'pos': 0.184, 'compound': 0.9594}
{'neg': 0.187, 'neu': 0.771, 'pos': 0.042, 'compound': -0.9058}
{'neg': 0.114, 'neu': 0.646, 'pos': 0.24, 'compound': 0.6434}
{'neg': 0.141, 'neu': 0.817, 'pos': 0.042, 'compound': -0.6124}
{'neg': 0.191, 'neu': 0.718, 'pos': 0.09, 'compound': -0.5859}
{'neg': 0.112, 'neu': 0.754, 'pos': 0.133, 'compound': 0.6728}
{'neg': 0.105, 'neu': 0.747, 'pos': 0.149, 'compound': 0.7558}
{'neg': 0.166, 'neu': 0.743, 'pos': 0.091, 'compound': -0.8136}
{'neg': 0.031, 'neu': 0.969, 'pos': 0.0, 'compound': -0.2023}
{'neg': 0.053, 'neu': 0.773, 'pos': 0.173, 'compound': 0.8748}
{'neg': 0.084, 'neu': 0.836, 'pos': 0.08, 'compound': 0.2862}
{'neg': 0.0, 'neu': 0.845, 'pos': 0.155, 'compound': 0.765}
{'neg': 0.22, 'neu': 0.659, 'pos': 0.121, 'compound': -0.9371}
{'neg': 0.153, 'neu': 0.749, 'pos': 0.098, 'compound': -0.9483}
{'neg': 0.091, 'neu': 0.814, 'pos': 0.095, 'compound': 0.0859}
{'neg': 0.144, 'neu': 0.55, 'pos': 0.306, 'compound': 0.9404}
{'neg': 0.072, 'neu': 0.848, 'pos': 0.08, 'compound': 0.2537}
{'neg': 0.2, 'neu': 0.664, 'pos': 0.135, 'compound': -0.761}
{'neg': 0.102, 'neu': 0.811, 'pos': 0.086, 'compound': -0.0334}
{'neg': 0.08, 'neu': 0.774, 'pos': 0.145, 'compound': 0.4797}
{'neg': 0.192, 'neu': 0.712, 'pos': 0.096, 'compound': -0.9523}
{'neg': 0.048, 'neu': 0.952, 'pos': 0.0, 'compound': -0.6369}
{'neg': 0.154, 'neu': 0.739, 'pos': 0.108, 'compound': -0.791}
{'neg': 0.142, 'neu': 0.781, 'pos': 0.077, 'compound': -0.6249}
{'neg': 0.098, 'neu': 0.823, 'pos': 0.078, 'compound': -0.25}
{'neg': 0.129, 'neu': 0.613, 'pos': 0.257, 'compound': 0.6697}
{'neg': 0.059, 'neu': 0.792, 'pos': 0.149, 'compound': 0.9265}
{'neg': 0.135, 'neu': 0.797, 'pos': 0.068, 'compound': -0.8008}
{'neg': 0.341, 'neu': 0.659, 'pos': 0.0, 'compound': -0.835}
{'neg': 0.078, 'neu': 0.873, 'pos': 0.05, 'compound': -0.2944}
{'neg': 0.226, 'neu': 0.733, 'pos': 0.041, 'compound': -0.886}
{'neg': 0.19, 'neu': 0.716, 'pos': 0.094, 'compound': -0.7108}
{'neg': 0.0, 'neu': 0.56, 'pos': 0.44, 'compound': 0.8807}
{'neg': 0.149, 'neu': 0.802, 'pos': 0.05, 'compound': -0.3818}
{'neg': 0.0, 'neu': 0.62, 'pos': 0.38, 'compound': 0.8481}
{'neg': 0.213, 'neu': 0.752, 'pos': 0.036, 'compound': -0.8995}
{'neg': 0.0, 'neu': 0.673, 'pos': 0.327, 'compound': 0.8074}
{'neg': 0.0, 'neu': 1.0, 'pos': 0.0, 'compound': 0.0}
{'neg': 0.117, 'neu': 0.883, 'pos': 0.0, 'compound': -0.7351}
{'neg': 0.046, 'neu': 0.736, 'pos': 0.219, 'compound': 0.872}
{'neg': 0.026, 'neu': 0.874, 'pos': 0.1, 'compound': 0.7759}
{'neg': 0.178, 'neu': 0.758, 'pos': 0.064, 'compound': -0.8396}
{'neg': 0.126, 'neu': 0.536, 'pos': 0.338, 'compound': 0.7717}
{'neg': 0.112, 'neu': 0.726, 'pos': 0.162, 'compound': 0.2247}
{'neg': 0.039, 'neu': 0.861, 'pos': 0.1, 'compound': 0.4939}
{'neg': 0.0, 'neu': 0.541, 'pos': 0.459, 'compound': 0.9501}
{'neg': 0.053, 'neu': 0.492, 'pos': 0.455, 'compound': 0.8625}
{'neg': 0.0, 'neu': 0.799, 'pos': 0.201, 'compound': 0.743}
{'neg': 0.07, 'neu': 0.93, 'pos': 0.0, 'compound': -0.2732}
{'neg': 0.0, 'neu': 0.87, 'pos': 0.13, 'compound': 0.8}
{'neg': 0.0, 'neu': 0.631, 'pos': 0.369, 'compound': 0.9062}
{'neg': 0.27, 'neu': 0.73, 'pos': 0.0, 'compound': -0.9754}
{'neg': 0.21, 'neu': 0.517, 'pos': 0.272, 'compound': 0.4872}
{'neg': 0.0, 'neu': 0.697, 'pos': 0.303, 'compound': 0.95}
{'neg': 0.241, 'neu': 0.725, 'pos': 0.034, 'compound': -0.7906}
{'neg': 0.181, 'neu': 0.672, 'pos': 0.147, 'compound': -0.6461}
{'neg': 0.269, 'neu': 0.629, 'pos': 0.103, 'compound': -0.8913}
{'neg': 0.0, 'neu': 0.612, 'pos': 0.388, 'compound': 0.9664}
{'neg': 0.042, 'neu': 0.745, 'pos': 0.213, 'compound': 0.9734}
{'neg': 0.234, 'neu': 0.552, 'pos': 0.214, 'compound': -0.2591}
{'neg': 0.0, 'neu': 0.845, 'pos': 0.155, 'compound': 0.5574}
{'neg': 0.148, 'neu': 0.56, 'pos': 0.292, 'compound': 0.7121}
{'neg': 0.058, 'neu': 0.6, 'pos': 0.343, 'compound': 0.9062}
{'neg': 0.0, 'neu': 0.65, 'pos': 0.35, 'compound': 0.7951}
{'neg': 0.065, 'neu': 0.559, 'pos': 0.376, 'compound': 0.875}
{'neg': 0.0, 'neu': 0.562, 'pos': 0.438, 'compound': 0.8979}
{'neg': 0.087, 'neu': 0.913, 'pos': 0.0, 'compound': -0.6597}
{'neg': 0.159, 'neu': 0.841, 'pos': 0.0, 'compound': -0.5267}
{'neg': 0.0, 'neu': 0.494, 'pos': 0.506, 'compound': 0.9468}
{'neg': 0.191, 'neu': 0.591, 'pos': 0.218, 'compound': 0.25}
{'neg': 0.142, 'neu': 0.674, 'pos': 0.184, 'compound': 0.6249}
{'neg': 0.153, 'neu': 0.757, 'pos': 0.09, 'compound': -0.8078}
{'neg': 0.046, 'neu': 0.683, 'pos': 0.271, 'compound': 0.9216}
{'neg': 0.032, 'neu': 0.77, 'pos': 0.198, 'compound': 0.7543}
{'neg': 0.0, 'neu': 0.878, 'pos': 0.122, 'compound': 0.3612}
{'neg': 0.088, 'neu': 0.833, 'pos': 0.079, 'compound': -0.3102}
{'neg': 0.051, 'neu': 0.732, 'pos': 0.218, 'compound': 0.8625}
{'neg': 0.0, 'neu': 0.727, 'pos': 0.273, 'compound': 0.9776}
{'neg': 0.029, 'neu': 0.801, 'pos': 0.169, 'compound': 0.76}
{'neg': 0.188, 'neu': 0.65, 'pos': 0.162, 'compound': 0.0772}
{'neg': 0.0, 'neu': 0.667, 'pos': 0.333, 'compound': 0.9184}
{'neg': 0.0, 'neu': 0.621, 'pos': 0.379, 'compound': 0.891}
{'neg': 0.0, 'neu': 0.503, 'pos': 0.497, 'compound': 0.9306}
{'neg': 0.024, 'neu': 0.694, 'pos': 0.282, 'compound': 0.9355}
{'neg': 0.0, 'neu': 0.718, 'pos': 0.282, 'compound': 0.6705}
{'neg': 0.0, 'neu': 0.841, 'pos': 0.159, 'compound': 0.34}
{'neg': 0.0, 'neu': 0.711, 'pos': 0.289, 'compound': 0.8669}
{'neg': 0.0, 'neu': 0.846, 'pos': 0.154, 'compound': 0.4939}
{'neg': 0.063, 'neu': 0.807, 'pos': 0.13, 'compound': 0.3049}
{'neg': 0.095, 'neu': 0.489, 'pos': 0.416, 'compound': 0.9035}
{'neg': 0.111, 'neu': 0.824, 'pos': 0.065, 'compound': -0.197}
{'neg': 0.0, 'neu': 0.621, 'pos': 0.379, 'compound': 0.7717}
{'neg': 0.072, 'neu': 0.798, 'pos': 0.13, 'compound': 0.6873}
{'neg': 0.0, 'neu': 0.721, 'pos': 0.279, 'compound': 0.7893}
{'neg': 0.0, 'neu': 0.528, 'pos': 0.472, 'compound': 0.891}
{'neg': 0.073, 'neu': 0.682, 'pos': 0.245, 'compound': 0.5859}
{'neg': 0.0, 'neu': 0.621, 'pos': 0.379, 'compound': 0.9253}
{'neg': 0.0, 'neu': 0.837, 'pos': 0.163, 'compound': 0.4404}
{'neg': 0.0, 'neu': 0.579, 'pos': 0.421, 'compound': 0.8576}
{'neg': 0.055, 'neu': 0.613, 'pos': 0.331, 'compound': 0.91}
{'neg': 0.159, 'neu': 0.759, 'pos': 0.083, 'compound': -0.2732}
{'neg': 0.092, 'neu': 0.517, 'pos': 0.391, 'compound': 0.7351}
{'neg': 0.138, 'neu': 0.785, 'pos': 0.077, 'compound': -0.9489}
{'neg': 0.185, 'neu': 0.651, 'pos': 0.164, 'compound': -0.099}
{'neg': 0.0, 'neu': 0.778, 'pos': 0.222, 'compound': 0.5719}
{'neg': 0.122, 'neu': 0.715, 'pos': 0.163, 'compound': 0.2006}
{'neg': 0.0, 'neu': 0.756, 'pos': 0.244, 'compound': 0.7003}
{'neg': 0.0, 'neu': 0.436, 'pos': 0.564, 'compound': 0.9747}
{'neg': 0.0, 'neu': 0.816, 'pos': 0.184, 'compound': 0.7269}
{'neg': 0.119, 'neu': 0.881, 'pos': 0.0, 'compound': -0.6115}
{'neg': 0.0, 'neu': 0.645, 'pos': 0.355, 'compound': 0.8999}
{'neg': 0.0, 'neu': 0.842, 'pos': 0.158, 'compound': 0.7184}
{'neg': 0.0, 'neu': 0.614, 'pos': 0.386, 'compound': 0.8313}
{'neg': 0.169, 'neu': 0.618, 'pos': 0.214, 'compound': 0.2263}
{'neg': 0.0, 'neu': 0.673, 'pos': 0.327, 'compound': 0.8807}
{'neg': 0.0, 'neu': 0.662, 'pos': 0.338, 'compound': 0.9228}
{'neg': 0.083, 'neu': 0.917, 'pos': 0.0, 'compound': -0.7239}
{'neg': 0.064, 'neu': 0.85, 'pos': 0.086, 'compound': 0.296}
{'neg': 0.038, 'neu': 0.65, 'pos': 0.312, 'compound': 0.9348}
{'neg': 0.0, 'neu': 0.632, 'pos': 0.368, 'compound': 0.9246}
{'neg': 0.0, 'neu': 0.847, 'pos': 0.153, 'compound': 0.4404}
{'neg': 0.0, 'neu': 0.689, 'pos': 0.311, 'compound': 0.9313}
{'neg': 0.203, 'neu': 0.797, 'pos': 0.0, 'compound': -0.7506}
{'neg': 0.111, 'neu': 0.775, 'pos': 0.114, 'compound': 0.2716}
{'neg': 0.0, 'neu': 0.921, 'pos': 0.079, 'compound': 0.4404}
{'neg': 0.103, 'neu': 0.468, 'pos': 0.429, 'compound': 0.9705}
{'neg': 0.107, 'neu': 0.553, 'pos': 0.34, 'compound': 0.7096}
{'neg': 0.155, 'neu': 0.731, 'pos': 0.114, 'compound': -0.2263}
{'neg': 0.037, 'neu': 0.711, 'pos': 0.252, 'compound': 0.9669}
{'neg': 0.113, 'neu': 0.701, 'pos': 0.186, 'compound': 0.4939}
{'neg': 0.168, 'neu': 0.727, 'pos': 0.105, 'compound': -0.3612}
{'neg': 0.07, 'neu': 0.842, 'pos': 0.088, 'compound': 0.2247}
{'neg': 0.113, 'neu': 0.728, 'pos': 0.159, 'compound': 0.0644}
{'neg': 0.209, 'neu': 0.532, 'pos': 0.259, 'compound': 0.3197}
{'neg': 0.107, 'neu': 0.722, 'pos': 0.171, 'compound': 0.6293}
{'neg': 0.0, 'neu': 0.635, 'pos': 0.365, 'compound': 0.7845}
{'neg': 0.223, 'neu': 0.748, 'pos': 0.029, 'compound': -0.9134}
{'neg': 0.066, 'neu': 0.757, 'pos': 0.177, 'compound': 0.99}
{'neg': 0.2, 'neu': 0.598, 'pos': 0.202, 'compound': 0.0516}
{'neg': 0.227, 'neu': 0.543, 'pos': 0.23, 'compound': 0.0187}
{'neg': 0.072, 'neu': 0.759, 'pos': 0.169, 'compound': 0.9394}
{'neg': 0.184, 'neu': 0.816, 'pos': 0.0, 'compound': -0.6369}
{'neg': 0.0, 'neu': 0.521, 'pos': 0.479, 'compound': 0.93}
{'neg': 0.0, 'neu': 0.49, 'pos': 0.51, 'compound': 0.9392}
{'neg': 0.262, 'neu': 0.625, 'pos': 0.113, 'compound': -0.5849}
{'neg': 0.086, 'neu': 0.803, 'pos': 0.111, 'compound': 0.3102}
{'neg': 0.179, 'neu': 0.821, 'pos': 0.0, 'compound': -0.8402}
{'neg': 0.0, 'neu': 0.825, 'pos': 0.175, 'compound': 0.6486}
{'neg': 0.128, 'neu': 0.748, 'pos': 0.124, 'compound': -0.0478}
{'neg': 0.144, 'neu': 0.659, 'pos': 0.198, 'compound': 0.6249}
{'neg': 0.111, 'neu': 0.612, 'pos': 0.277, 'compound': 0.8251}
{'neg': 0.0, 'neu': 0.667, 'pos': 0.333, 'compound': 0.8748}
{'neg': 0.0, 'neu': 0.892, 'pos': 0.108, 'compound': 0.6369}
{'neg': 0.16, 'neu': 0.711, 'pos': 0.129, 'compound': -0.1779}
{'neg': 0.061, 'neu': 0.611, 'pos': 0.328, 'compound': 0.8402}
{'neg': 0.0, 'neu': 0.844, 'pos': 0.156, 'compound': 0.5719}
{'neg': 0.0, 'neu': 0.625, 'pos': 0.375, 'compound': 0.8399}
{'neg': 0.205, 'neu': 0.612, 'pos': 0.183, 'compound': 0.0772}
{'neg': 0.097, 'neu': 0.68, 'pos': 0.223, 'compound': 0.5994}
{'neg': 0.216, 'neu': 0.555, 'pos': 0.229, 'compound': -0.3167}
{'neg': 0.129, 'neu': 0.705, 'pos': 0.166, 'compound': 0.5218}
{'neg': 0.211, 'neu': 0.66, 'pos': 0.13, 'compound': -0.5859}
{'neg': 0.083, 'neu': 0.917, 'pos': 0.0, 'compound': -0.743}
{'neg': 0.132, 'neu': 0.757, 'pos': 0.111, 'compound': -0.3563}
{'neg': 0.138, 'neu': 0.779, 'pos': 0.083, 'compound': -0.3612}
{'neg': 0.078, 'neu': 0.78, 'pos': 0.142, 'compound': 0.6378}
{'neg': 0.188, 'neu': 0.644, 'pos': 0.168, 'compound': -0.5465}
{'neg': 0.069, 'neu': 0.806, 'pos': 0.125, 'compound': 0.7988}
{'neg': 0.167, 'neu': 0.8, 'pos': 0.032, 'compound': -0.8878}
{'neg': 0.077, 'neu': 0.657, 'pos': 0.266, 'compound': 0.7216}
{'neg': 0.184, 'neu': 0.747, 'pos': 0.069, 'compound': -0.6793}
{'neg': 0.13, 'neu': 0.741, 'pos': 0.129, 'compound': -0.049}
{'neg': 0.14, 'neu': 0.757, 'pos': 0.103, 'compound': -0.9181}
{'neg': 0.271, 'neu': 0.624, 'pos': 0.105, 'compound': -0.9949}
{'neg': 0.182, 'neu': 0.737, 'pos': 0.081, 'compound': -0.8214}
{'neg': 0.1, 'neu': 0.789, 'pos': 0.112, 'compound': -0.101}
{'neg': 0.223, 'neu': 0.616, 'pos': 0.161, 'compound': -0.6587}
{'neg': 0.085, 'neu': 0.825, 'pos': 0.09, 'compound': -0.144}
{'neg': 0.157, 'neu': 0.74, 'pos': 0.103, 'compound': -0.9409}
{'neg': 0.175, 'neu': 0.702, 'pos': 0.124, 'compound': -0.5542}
{'neg': 0.069, 'neu': 0.67, 'pos': 0.261, 'compound': 0.9448}
{'neg': 0.201, 'neu': 0.674, 'pos': 0.125, 'compound': -0.8823}
{'neg': 0.07, 'neu': 0.752, 'pos': 0.178, 'compound': 0.6387}
{'neg': 0.05, 'neu': 0.774, 'pos': 0.176, 'compound': 0.9681}
{'neg': 0.2, 'neu': 0.749, 'pos': 0.051, 'compound': -0.8299}
{'neg': 0.159, 'neu': 0.682, 'pos': 0.16, 'compound': 0.0258}
{'neg': 0.176, 'neu': 0.824, 'pos': 0.0, 'compound': -0.6297}
{'neg': 0.051, 'neu': 0.782, 'pos': 0.167, 'compound': 0.9178}
{'neg': 0.174, 'neu': 0.738, 'pos': 0.088, 'compound': -0.8821}
{'neg': 0.019, 'neu': 0.921, 'pos': 0.06, 'compound': 0.6369}
{'neg': 0.128, 'neu': 0.766, 'pos': 0.106, 'compound': -0.3057}
{'neg': 0.224, 'neu': 0.668, 'pos': 0.109, 'compound': -0.6062}
{'neg': 0.307, 'neu': 0.693, 'pos': 0.0, 'compound': -0.4767}
{'neg': 0.178, 'neu': 0.756, 'pos': 0.066, 'compound': -0.885}
{'neg': 0.119, 'neu': 0.828, 'pos': 0.053, 'compound': -0.4576}
{'neg': 0.227, 'neu': 0.701, 'pos': 0.072, 'compound': -0.9738}
{'neg': 0.164, 'neu': 0.748, 'pos': 0.088, 'compound': -0.5678}
{'neg': 0.077, 'neu': 0.768, 'pos': 0.155, 'compound': 0.6593}
{'neg': 0.153, 'neu': 0.809, 'pos': 0.038, 'compound': -0.9121}
{'neg': 0.091, 'neu': 0.655, 'pos': 0.254, 'compound': 0.9855}
{'neg': 0.2, 'neu': 0.738, 'pos': 0.062, 'compound': -0.9859}
{'neg': 0.077, 'neu': 0.923, 'pos': 0.0, 'compound': -0.3818}
{'neg': 0.194, 'neu': 0.761, 'pos': 0.045, 'compound': -0.6492}
{'neg': 0.141, 'neu': 0.792, 'pos': 0.067, 'compound': -0.7711}
{'neg': 0.186, 'neu': 0.517, 'pos': 0.297, 'compound': 0.5859}
{'neg': 0.111, 'neu': 0.798, 'pos': 0.091, 'compound': -0.1116}
{'neg': 0.211, 'neu': 0.591, 'pos': 0.198, 'compound': 0.1027}
{'neg': 0.117, 'neu': 0.83, 'pos': 0.053, 'compound': -0.9278}
{'neg': 0.043, 'neu': 0.771, 'pos': 0.186, 'compound': 0.7693}
{'neg': 0.171, 'neu': 0.718, 'pos': 0.111, 'compound': -0.8}
{'neg': 0.237, 'neu': 0.671, 'pos': 0.092, 'compound': -0.931}
{'neg': 0.168, 'neu': 0.735, 'pos': 0.097, 'compound': -0.1575}
{'neg': 0.0, 'neu': 0.874, 'pos': 0.126, 'compound': 0.8834}
{'neg': 0.146, 'neu': 0.666, 'pos': 0.188, 'compound': 0.9311}
{'neg': 0.176, 'neu': 0.796, 'pos': 0.028, 'compound': -0.91}
{'neg': 0.073, 'neu': 0.819, 'pos': 0.108, 'compound': 0.8397}
{'neg': 0.038, 'neu': 0.962, 'pos': 0.0, 'compound': -0.4215}
{'neg': 0.183, 'neu': 0.643, 'pos': 0.174, 'compound': -0.1806}
{'neg': 0.176, 'neu': 0.786, 'pos': 0.038, 'compound': -0.8613}
{'neg': 0.1, 'neu': 0.62, 'pos': 0.28, 'compound': 0.9532}
{'neg': 0.188, 'neu': 0.663, 'pos': 0.149, 'compound': -0.2564}
{'neg': 0.02, 'neu': 0.847, 'pos': 0.134, 'compound': 0.9421}
{'neg': 0.152, 'neu': 0.848, 'pos': 0.0, 'compound': -0.5688}
{'neg': 0.204, 'neu': 0.796, 'pos': 0.0, 'compound': -0.8497}
{'neg': 0.206, 'neu': 0.685, 'pos': 0.108, 'compound': -0.7749}
{'neg': 0.116, 'neu': 0.843, 'pos': 0.041, 'compound': -0.8555}
{'neg': 0.061, 'neu': 0.862, 'pos': 0.077, 'compound': 0.6177}
{'neg': 0.082, 'neu': 0.75, 'pos': 0.168, 'compound': 0.9346}
{'neg': 0.174, 'neu': 0.701, 'pos': 0.125, 'compound': -0.7786}
{'neg': 0.236, 'neu': 0.721, 'pos': 0.043, 'compound': -0.7905}
{'neg': 0.211, 'neu': 0.789, 'pos': 0.0, 'compound': -0.5859}
{'neg': 0.197, 'neu': 0.729, 'pos': 0.075, 'compound': -0.572}
{'neg': 0.128, 'neu': 0.673, 'pos': 0.199, 'compound': 0.4703}
{'neg': 0.145, 'neu': 0.711, 'pos': 0.143, 'compound': 0.3711}
{'neg': 0.067, 'neu': 0.842, 'pos': 0.091, 'compound': 0.1779}
{'neg': 0.167, 'neu': 0.833, 'pos': 0.0, 'compound': -0.815}
{'neg': 0.159, 'neu': 0.741, 'pos': 0.1, 'compound': -0.1531}
{'neg': 0.0, 'neu': 0.914, 'pos': 0.086, 'compound': 0.34}
{'neg': 0.102, 'neu': 0.865, 'pos': 0.033, 'compound': -0.4417}
{'neg': 0.155, 'neu': 0.714, 'pos': 0.131, 'compound': 0.0}
{'neg': 0.172, 'neu': 0.739, 'pos': 0.089, 'compound': -0.34}
{'neg': 0.176, 'neu': 0.681, 'pos': 0.142, 'compound': -0.2695}
{'neg': 0.135, 'neu': 0.659, 'pos': 0.206, 'compound': 0.9662}
{'neg': 0.147, 'neu': 0.853, 'pos': 0.0, 'compound': -0.7783}
{'neg': 0.163, 'neu': 0.837, 'pos': 0.0, 'compound': -0.9022}
{'neg': 0.148, 'neu': 0.657, 'pos': 0.195, 'compound': 0.0795}
{'neg': 0.206, 'neu': 0.632, 'pos': 0.162, 'compound': -0.7739}
{'neg': 0.109, 'neu': 0.878, 'pos': 0.014, 'compound': -0.7964}
{'neg': 0.202, 'neu': 0.699, 'pos': 0.099, 'compound': -0.9362}
{'neg': 0.088, 'neu': 0.811, 'pos': 0.101, 'compound': 0.7892}
{'neg': 0.109, 'neu': 0.791, 'pos': 0.1, 'compound': -0.204}
{'neg': 0.059, 'neu': 0.864, 'pos': 0.077, 'compound': 0.5927}
{'neg': 0.151, 'neu': 0.689, 'pos': 0.16, 'compound': 0.5187}
{'neg': 0.165, 'neu': 0.677, 'pos': 0.158, 'compound': -0.1663}
{'neg': 0.096, 'neu': 0.747, 'pos': 0.157, 'compound': 0.6597}
{'neg': 0.0, 'neu': 0.671, 'pos': 0.329, 'compound': 0.9052}
{'neg': 0.152, 'neu': 0.784, 'pos': 0.064, 'compound': -0.3166}
{'neg': 0.027, 'neu': 0.827, 'pos': 0.145, 'compound': 0.8754}
{'neg': 0.274, 'neu': 0.685, 'pos': 0.042, 'compound': -0.8803}
{'neg': 0.148, 'neu': 0.758, 'pos': 0.094, 'compound': -0.5295}
{'neg': 0.301, 'neu': 0.699, 'pos': 0.0, 'compound': -0.8225}
{'neg': 0.146, 'neu': 0.828, 'pos': 0.026, 'compound': -0.9575}
{'neg': 0.135, 'neu': 0.779, 'pos': 0.086, 'compound': -0.5359}
{'neg': 0.11, 'neu': 0.856, 'pos': 0.034, 'compound': -0.7936}
{'neg': 0.151, 'neu': 0.731, 'pos': 0.118, 'compound': -0.0755}
{'neg': 0.209, 'neu': 0.655, 'pos': 0.135, 'compound': -0.6645}
{'neg': 0.128, 'neu': 0.872, 'pos': 0.0, 'compound': -0.5719}
{'neg': 0.065, 'neu': 0.902, 'pos': 0.034, 'compound': -0.4445}
{'neg': 0.103, 'neu': 0.767, 'pos': 0.129, 'compound': 0.4091}
{'neg': 0.025, 'neu': 0.796, 'pos': 0.179, 'compound': 0.8828}
{'neg': 0.117, 'neu': 0.541, 'pos': 0.342, 'compound': 0.9242}
{'neg': 0.122, 'neu': 0.704, 'pos': 0.174, 'compound': 0.3182}
{'neg': 0.176, 'neu': 0.807, 'pos': 0.018, 'compound': -0.9654}
{'neg': 0.113, 'neu': 0.806, 'pos': 0.081, 'compound': -0.5699}
{'neg': 0.099, 'neu': 0.692, 'pos': 0.209, 'compound': 0.7859}
{'neg': 0.14, 'neu': 0.715, 'pos': 0.145, 'compound': 0.2449}
{'neg': 0.095, 'neu': 0.68, 'pos': 0.225, 'compound': 0.9328}
{'neg': 0.03, 'neu': 0.732, 'pos': 0.237, 'compound': 0.9467}
{'neg': 0.083, 'neu': 0.796, 'pos': 0.12, 'compound': 0.3968}
{'neg': 0.138, 'neu': 0.638, 'pos': 0.224, 'compound': 0.9523}
{'neg': 0.066, 'neu': 0.871, 'pos': 0.062, 'compound': -0.1935}
{'neg': 0.0, 'neu': 1.0, 'pos': 0.0, 'compound': 0.0}
{'neg': 0.151, 'neu': 0.77, 'pos': 0.079, 'compound': -0.6551}
{'neg': 0.246, 'neu': 0.717, 'pos': 0.037, 'compound': -0.8998}
{'neg': 0.154, 'neu': 0.721, 'pos': 0.125, 'compound': -0.712}
{'neg': 0.123, 'neu': 0.745, 'pos': 0.132, 'compound': 0.1513}
{'neg': 0.198, 'neu': 0.728, 'pos': 0.075, 'compound': -0.9806}
{'neg': 0.151, 'neu': 0.74, 'pos': 0.108, 'compound': -0.6256}
{'neg': 0.151, 'neu': 0.736, 'pos': 0.113, 'compound': -0.9027}
{'neg': 0.025, 'neu': 0.706, 'pos': 0.269, 'compound': 0.9163}
{'neg': 0.15, 'neu': 0.684, 'pos': 0.166, 'compound': 0.245}
{'neg': 0.055, 'neu': 0.822, 'pos': 0.123, 'compound': 0.651}
{'neg': 0.19, 'neu': 0.743, 'pos': 0.067, 'compound': -0.7532}
{'neg': 0.177, 'neu': 0.789, 'pos': 0.035, 'compound': -0.9384}
{'neg': 0.098, 'neu': 0.719, 'pos': 0.183, 'compound': 0.6813}
{'neg': 0.05, 'neu': 0.856, 'pos': 0.094, 'compound': 0.7722}
{'neg': 0.218, 'neu': 0.617, 'pos': 0.165, 'compound': -0.7169}
{'neg': 0.183, 'neu': 0.73, 'pos': 0.087, 'compound': -0.5423}
{'neg': 0.138, 'neu': 0.736, 'pos': 0.126, 'compound': -0.4814}
{'neg': 0.084, 'neu': 0.874, 'pos': 0.042, 'compound': -0.6705}
{'neg': 0.044, 'neu': 0.833, 'pos': 0.124, 'compound': 0.9624}
{'neg': 0.152, 'neu': 0.778, 'pos': 0.069, 'compound': -0.8309}
{'neg': 0.066, 'neu': 0.823, 'pos': 0.111, 'compound': 0.2732}
{'neg': 0.098, 'neu': 0.823, 'pos': 0.079, 'compound': -0.4933}
{'neg': 0.22, 'neu': 0.728, 'pos': 0.053, 'compound': -0.8496}
{'neg': 0.125, 'neu': 0.782, 'pos': 0.093, 'compound': -0.674}
{'neg': 0.219, 'neu': 0.616, 'pos': 0.165, 'compound': -0.3925}
{'neg': 0.105, 'neu': 0.827, 'pos': 0.069, 'compound': -0.3167}
{'neg': 0.234, 'neu': 0.766, 'pos': 0.0, 'compound': -0.8297}
{'neg': 0.094, 'neu': 0.816, 'pos': 0.09, 'compound': -0.3321}
{'neg': 0.144, 'neu': 0.808, 'pos': 0.048, 'compound': -0.8416}
{'neg': 0.08, 'neu': 0.74, 'pos': 0.18, 'compound': 0.8817}
{'neg': 0.118, 'neu': 0.821, 'pos': 0.061, 'compound': -0.6396}
{'neg': 0.166, 'neu': 0.699, 'pos': 0.135, 'compound': -0.4404}
{'neg': 0.158, 'neu': 0.731, 'pos': 0.111, 'compound': -0.6161}
{'neg': 0.129, 'neu': 0.7, 'pos': 0.171, 'compound': 0.2558}
{'neg': 0.161, 'neu': 0.634, 'pos': 0.205, 'compound': 0.8596}
{'neg': 0.254, 'neu': 0.678, 'pos': 0.068, 'compound': -0.8176}
{'neg': 0.052, 'neu': 0.854, 'pos': 0.094, 'compound': 0.5574}
{'neg': 0.185, 'neu': 0.75, 'pos': 0.065, 'compound': -0.484}
{'neg': 0.096, 'neu': 0.612, 'pos': 0.292, 'compound': 0.861}
{'neg': 0.097, 'neu': 0.678, 'pos': 0.226, 'compound': 0.8744}
{'neg': 0.048, 'neu': 0.834, 'pos': 0.118, 'compound': 0.3758}
{'neg': 0.069, 'neu': 0.711, 'pos': 0.22, 'compound': 0.973}
{'neg': 0.134, 'neu': 0.826, 'pos': 0.04, 'compound': -0.9036}
{'neg': 0.092, 'neu': 0.647, 'pos': 0.261, 'compound': 0.9393}
{'neg': 0.061, 'neu': 0.939, 'pos': 0.0, 'compound': -0.2732}
{'neg': 0.207, 'neu': 0.711, 'pos': 0.082, 'compound': -0.9478}
{'neg': 0.361, 'neu': 0.606, 'pos': 0.033, 'compound': -0.9186}
{'neg': 0.067, 'neu': 0.879, 'pos': 0.054, 'compound': -0.0276}
{'neg': 0.027, 'neu': 0.902, 'pos': 0.071, 'compound': 0.5046}
{'neg': 0.153, 'neu': 0.745, 'pos': 0.102, 'compound': -0.3818}
{'neg': 0.255, 'neu': 0.697, 'pos': 0.048, 'compound': -0.9545}
{'neg': 0.077, 'neu': 0.848, 'pos': 0.075, 'compound': -0.0772}
{'neg': 0.178, 'neu': 0.623, 'pos': 0.199, 'compound': 0.5393}
{'neg': 0.192, 'neu': 0.808, 'pos': 0.0, 'compound': -0.9243}
{'neg': 0.095, 'neu': 0.761, 'pos': 0.144, 'compound': 0.7771}
{'neg': 0.252, 'neu': 0.587, 'pos': 0.161, 'compound': -0.8057}
{'neg': 0.102, 'neu': 0.854, 'pos': 0.044, 'compound': -0.8085}
{'neg': 0.0, 'neu': 0.886, 'pos': 0.114, 'compound': 0.5411}
{'neg': 0.0, 'neu': 0.929, 'pos': 0.071, 'compound': 0.4549}
{'neg': 0.178, 'neu': 0.745, 'pos': 0.078, 'compound': -0.9736}
{'neg': 0.138, 'neu': 0.803, 'pos': 0.059, 'compound': -0.7152}
{'neg': 0.155, 'neu': 0.685, 'pos': 0.16, 'compound': 0.101}
{'neg': 0.071, 'neu': 0.889, 'pos': 0.04, 'compound': -0.3612}
{'neg': 0.194, 'neu': 0.77, 'pos': 0.036, 'compound': -0.8824}
{'neg': 0.201, 'neu': 0.642, 'pos': 0.157, 'compound': -0.7595}
{'neg': 0.198, 'neu': 0.763, 'pos': 0.04, 'compound': -0.9538}
{'neg': 0.184, 'neu': 0.736, 'pos': 0.08, 'compound': -0.7003}
{'neg': 0.046, 'neu': 0.892, 'pos': 0.061, 'compound': 0.3182}
{'neg': 0.142, 'neu': 0.668, 'pos': 0.19, 'compound': 0.7675}
{'neg': 0.142, 'neu': 0.711, 'pos': 0.146, 'compound': 0.0736}
{'neg': 0.042, 'neu': 0.788, 'pos': 0.17, 'compound': 0.6142}
{'neg': 0.161, 'neu': 0.839, 'pos': 0.0, 'compound': -0.7269}
{'neg': 0.205, 'neu': 0.67, 'pos': 0.125, 'compound': -0.8739}
{'neg': 0.079, 'neu': 0.789, 'pos': 0.133, 'compound': 0.8646}
{'neg': 0.196, 'neu': 0.606, 'pos': 0.199, 'compound': 0.1265}
{'neg': 0.185, 'neu': 0.739, 'pos': 0.077, 'compound': -0.5859}
{'neg': 0.128, 'neu': 0.811, 'pos': 0.062, 'compound': -0.6344}
{'neg': 0.0, 'neu': 0.844, 'pos': 0.156, 'compound': 0.5719}
{'neg': 0.127, 'neu': 0.67, 'pos': 0.202, 'compound': 0.659}
{'neg': 0.151, 'neu': 0.629, 'pos': 0.221, 'compound': 0.7783}
{'neg': 0.0, 'neu': 0.831, 'pos': 0.169, 'compound': 0.7574}
{'neg': 0.141, 'neu': 0.811, 'pos': 0.048, 'compound': -0.8979}
{'neg': 0.0, 'neu': 1.0, 'pos': 0.0, 'compound': 0.0}
{'neg': 0.0, 'neu': 0.694, 'pos': 0.306, 'compound': 0.9287}
{'neg': 0.0, 'neu': 0.632, 'pos': 0.368, 'compound': 0.9246}
{'neg': 0.248, 'neu': 0.698, 'pos': 0.055, 'compound': -0.9637}
{'neg': 0.292, 'neu': 0.657, 'pos': 0.051, 'compound': -0.9166}
{'neg': 0.218, 'neu': 0.728, 'pos': 0.054, 'compound': -0.891}
{'neg': 0.06, 'neu': 0.568, 'pos': 0.373, 'compound': 0.8696}
{'neg': 0.344, 'neu': 0.588, 'pos': 0.068, 'compound': -0.8555}
{'neg': 0.0, 'neu': 0.798, 'pos': 0.202, 'compound': 0.8115}
{'neg': 0.141, 'neu': 0.673, 'pos': 0.186, 'compound': 0.8629}
{'neg': 0.152, 'neu': 0.664, 'pos': 0.185, 'compound': 0.6659}
{'neg': 0.106, 'neu': 0.645, 'pos': 0.249, 'compound': 0.8299}
{'neg': 0.067, 'neu': 0.666, 'pos': 0.268, 'compound': 0.9371}
{'neg': 0.116, 'neu': 0.768, 'pos': 0.116, 'compound': -0.0192}
{'neg': 0.247, 'neu': 0.671, 'pos': 0.082, 'compound': -0.6872}
{'neg': 0.0, 'neu': 0.921, 'pos': 0.079, 'compound': 0.4404}
{'neg': 0.092, 'neu': 0.769, 'pos': 0.139, 'compound': 0.9202}
{'neg': 0.247, 'neu': 0.701, 'pos': 0.053, 'compound': -0.9417}
{'neg': 0.186, 'neu': 0.721, 'pos': 0.093, 'compound': -0.9522}
{'neg': 0.0, 'neu': 0.76, 'pos': 0.24, 'compound': 0.8934}
{'neg': 0.082, 'neu': 0.918, 'pos': 0.0, 'compound': -0.3597}
{'neg': 0.154, 'neu': 0.761, 'pos': 0.085, 'compound': -0.8158}
{'neg': 0.179, 'neu': 0.536, 'pos': 0.286, 'compound': 0.2023}
{'neg': 0.039, 'neu': 0.801, 'pos': 0.16, 'compound': 0.7783}
{'neg': 0.19, 'neu': 0.712, 'pos': 0.098, 'compound': -0.7629}
{'neg': 0.154, 'neu': 0.743, 'pos': 0.103, 'compound': -0.2525}
{'neg': 0.0, 'neu': 1.0, 'pos': 0.0, 'compound': 0.0}
{'neg': 0.0, 'neu': 0.741, 'pos': 0.259, 'compound': 0.891}
{'neg': 0.035, 'neu': 0.807, 'pos': 0.159, 'compound': 0.7845}
{'neg': 0.09, 'neu': 0.793, 'pos': 0.117, 'compound': 0.3559}
{'neg': 0.0, 'neu': 0.482, 'pos': 0.518, 'compound': 0.9169}
{'neg': 0.145, 'neu': 0.655, 'pos': 0.2, 'compound': 0.5414}
{'neg': 0.151, 'neu': 0.81, 'pos': 0.04, 'compound': -0.8696}
{'neg': 0.116, 'neu': 0.731, 'pos': 0.152, 'compound': 0.9725}
{'neg': 0.192, 'neu': 0.74, 'pos': 0.069, 'compound': -0.8834}
{'neg': 0.109, 'neu': 0.826, 'pos': 0.064, 'compound': -0.881}
{'neg': 0.097, 'neu': 0.77, 'pos': 0.132, 'compound': 0.5381}
{'neg': 0.169, 'neu': 0.704, 'pos': 0.126, 'compound': -0.5965}
{'neg': 0.059, 'neu': 0.799, 'pos': 0.142, 'compound': 0.813}
{'neg': 0.183, 'neu': 0.699, 'pos': 0.118, 'compound': -0.6527}
{'neg': 0.145, 'neu': 0.763, 'pos': 0.092, 'compound': -0.7485}
{'neg': 0.175, 'neu': 0.721, 'pos': 0.104, 'compound': -0.5649}
{'neg': 0.292, 'neu': 0.648, 'pos': 0.06, 'compound': -0.9774}
{'neg': 0.062, 'neu': 0.813, 'pos': 0.125, 'compound': 0.3098}
{'neg': 0.037, 'neu': 0.789, 'pos': 0.173, 'compound': 0.9633}
{'neg': 0.037, 'neu': 0.827, 'pos': 0.136, 'compound': 0.8627}
{'neg': 0.089, 'neu': 0.714, 'pos': 0.197, 'compound': 0.6077}
{'neg': 0.0, 'neu': 0.853, 'pos': 0.147, 'compound': 0.8974}
{'neg': 0.131, 'neu': 0.797, 'pos': 0.072, 'compound': -0.7947}
{'neg': 0.0, 'neu': 0.845, 'pos': 0.155, 'compound': 0.8655}
{'neg': 0.3, 'neu': 0.602, 'pos': 0.097, 'compound': -0.9161}
{'neg': 0.05, 'neu': 0.762, 'pos': 0.188, 'compound': 0.8896}
{'neg': 0.19, 'neu': 0.81, 'pos': 0.0, 'compound': -0.923}
{'neg': 0.155, 'neu': 0.845, 'pos': 0.0, 'compound': -0.8008}
{'neg': 0.039, 'neu': 0.961, 'pos': 0.0, 'compound': -0.2617}
{'neg': 0.087, 'neu': 0.82, 'pos': 0.093, 'compound': 0.5574}
{'neg': 0.085, 'neu': 0.661, 'pos': 0.255, 'compound': 0.9163}
{'neg': 0.18, 'neu': 0.704, 'pos': 0.116, 'compound': -0.8383}
{'neg': 0.0, 'neu': 0.826, 'pos': 0.174, 'compound': 0.6808}
{'neg': 0.053, 'neu': 0.879, 'pos': 0.069, 'compound': -0.128}
{'neg': 0.087, 'neu': 0.784, 'pos': 0.129, 'compound': -0.0498}
{'neg': 0.196, 'neu': 0.692, 'pos': 0.112, 'compound': -0.6521}
{'neg': 0.08, 'neu': 0.784, 'pos': 0.136, 'compound': 0.7755}
{'neg': 0.064, 'neu': 0.835, 'pos': 0.101, 'compound': 0.8361}
{'neg': 0.024, 'neu': 0.762, 'pos': 0.214, 'compound': 0.9217}
{'neg': 0.0, 'neu': 1.0, 'pos': 0.0, 'compound': 0.0}
{'neg': 0.094, 'neu': 0.84, 'pos': 0.066, 'compound': -0.0498}
{'neg': 0.114, 'neu': 0.701, 'pos': 0.186, 'compound': 0.7003}
{'neg': 0.123, 'neu': 0.802, 'pos': 0.074, 'compound': -0.6741}
{'neg': 0.099, 'neu': 0.682, 'pos': 0.219, 'compound': 0.9553}
{'neg': 0.097, 'neu': 0.763, 'pos': 0.14, 'compound': 0.8869}
{'neg': 0.136, 'neu': 0.693, 'pos': 0.171, 'compound': 0.5356}
{'neg': 0.123, 'neu': 0.792, 'pos': 0.084, 'compound': -0.4767}
{'neg': 0.19, 'neu': 0.749, 'pos': 0.061, 'compound': -0.5439}
{'neg': 0.185, 'neu': 0.815, 'pos': 0.0, 'compound': -0.7506}
{'neg': 0.149, 'neu': 0.794, 'pos': 0.057, 'compound': -0.6222}
{'neg': 0.033, 'neu': 0.839, 'pos': 0.128, 'compound': 0.8261}
{'neg': 0.274, 'neu': 0.634, 'pos': 0.092, 'compound': -0.864}
{'neg': 0.132, 'neu': 0.628, 'pos': 0.24, 'compound': 0.9374}
{'neg': 0.098, 'neu': 0.807, 'pos': 0.095, 'compound': -0.0534}
{'neg': 0.093, 'neu': 0.774, 'pos': 0.133, 'compound': 0.8888}
{'neg': 0.114, 'neu': 0.748, 'pos': 0.138, 'compound': 0.1868}
{'neg': 0.14, 'neu': 0.75, 'pos': 0.11, 'compound': -0.4703}
{'neg': 0.243, 'neu': 0.713, 'pos': 0.044, 'compound': -0.9428}
{'neg': 0.062, 'neu': 0.85, 'pos': 0.088, 'compound': 0.4019}
{'neg': 0.141, 'neu': 0.813, 'pos': 0.046, 'compound': -0.8316}
{'neg': 0.117, 'neu': 0.629, 'pos': 0.254, 'compound': 0.7651}
{'neg': 0.074, 'neu': 0.809, 'pos': 0.117, 'compound': 0.4482}
{'neg': 0.208, 'neu': 0.792, 'pos': 0.0, 'compound': -0.9392}
{'neg': 0.137, 'neu': 0.756, 'pos': 0.107, 'compound': -0.7934}
{'neg': 0.071, 'neu': 0.719, 'pos': 0.209, 'compound': 0.9407}
{'neg': 0.146, 'neu': 0.74, 'pos': 0.114, 'compound': -0.7543}
{'neg': 0.419, 'neu': 0.581, 'pos': 0.0, 'compound': -0.9485}
{'neg': 0.124, 'neu': 0.795, 'pos': 0.081, 'compound': 0.0032}
{'neg': 0.047, 'neu': 0.727, 'pos': 0.226, 'compound': 0.9763}
{'neg': 0.186, 'neu': 0.605, 'pos': 0.208, 'compound': 0.037}
{'neg': 0.074, 'neu': 0.884, 'pos': 0.042, 'compound': -0.4576}
{'neg': 0.233, 'neu': 0.767, 'pos': 0.0, 'compound': -0.7902}
{'neg': 0.062, 'neu': 0.706, 'pos': 0.233, 'compound': 0.8242}
{'neg': 0.061, 'neu': 0.891, 'pos': 0.049, 'compound': -0.1027}
{'neg': 0.095, 'neu': 0.838, 'pos': 0.068, 'compound': -0.088}
{'neg': 0.296, 'neu': 0.623, 'pos': 0.081, 'compound': -0.7845}
{'neg': 0.273, 'neu': 0.596, 'pos': 0.131, 'compound': -0.8742}
{'neg': 0.0, 'neu': 1.0, 'pos': 0.0, 'compound': 0.0}
{'neg': 0.22, 'neu': 0.531, 'pos': 0.249, 'compound': 0.4506}
{'neg': 0.207, 'neu': 0.716, 'pos': 0.077, 'compound': -0.5719}
{'neg': 0.0, 'neu': 0.917, 'pos': 0.083, 'compound': 0.4588}
{'neg': 0.145, 'neu': 0.755, 'pos': 0.1, 'compound': -0.3818}
{'neg': 0.0, 'neu': 0.711, 'pos': 0.289, 'compound': 0.9216}
{'neg': 0.036, 'neu': 0.784, 'pos': 0.18, 'compound': 0.8225}
{'neg': 0.115, 'neu': 0.733, 'pos': 0.152, 'compound': 0.4927}
{'neg': 0.175, 'neu': 0.653, 'pos': 0.173, 'compound': -0.2929}
{'neg': 0.203, 'neu': 0.706, 'pos': 0.092, 'compound': -0.7028}
{'neg': 0.0, 'neu': 0.957, 'pos': 0.043, 'compound': 0.0772}
{'neg': 0.167, 'neu': 0.814, 'pos': 0.019, 'compound': -0.8297}
{'neg': 0.135, 'neu': 0.794, 'pos': 0.071, 'compound': -0.3804}
{'neg': 0.11, 'neu': 0.834, 'pos': 0.057, 'compound': -0.5095}
{'neg': 0.064, 'neu': 0.861, 'pos': 0.075, 'compound': 0.3294}
{'neg': 0.141, 'neu': 0.749, 'pos': 0.11, 'compound': -0.8105}
{'neg': 0.083, 'neu': 0.804, 'pos': 0.114, 'compound': 0.1091}
{'neg': 0.0, 'neu': 0.791, 'pos': 0.209, 'compound': 0.8934}
{'neg': 0.165, 'neu': 0.612, 'pos': 0.223, 'compound': 0.7982}
{'neg': 0.083, 'neu': 0.87, 'pos': 0.047, 'compound': -0.1372}
{'neg': 0.191, 'neu': 0.78, 'pos': 0.029, 'compound': -0.9118}
{'neg': 0.094, 'neu': 0.728, 'pos': 0.178, 'compound': 0.8487}
{'neg': 0.077, 'neu': 0.923, 'pos': 0.0, 'compound': -0.3612}
{'neg': 0.222, 'neu': 0.669, 'pos': 0.109, 'compound': -0.7506}
{'neg': 0.138, 'neu': 0.716, 'pos': 0.146, 'compound': -0.296}
{'neg': 0.112, 'neu': 0.84, 'pos': 0.048, 'compound': -0.8553}
{'neg': 0.114, 'neu': 0.886, 'pos': 0.0, 'compound': -0.4767}
{'neg': 0.273, 'neu': 0.697, 'pos': 0.03, 'compound': -0.9309}
{'neg': 0.061, 'neu': 0.673, 'pos': 0.265, 'compound': 0.7906}
{'neg': 0.162, 'neu': 0.838, 'pos': 0.0, 'compound': -0.8841}
{'neg': 0.077, 'neu': 0.805, 'pos': 0.119, 'compound': 0.7203}
{'neg': 0.099, 'neu': 0.656, 'pos': 0.245, 'compound': 0.8816}
{'neg': 0.193, 'neu': 0.702, 'pos': 0.105, 'compound': -0.8748}
{'neg': 0.284, 'neu': 0.716, 'pos': 0.0, 'compound': -0.9739}
{'neg': 0.138, 'neu': 0.809, 'pos': 0.053, 'compound': -0.936}
{'neg': 0.227, 'neu': 0.714, 'pos': 0.059, 'compound': -0.8961}
{'neg': 0.19, 'neu': 0.706, 'pos': 0.104, 'compound': -0.8012}
{'neg': 0.238, 'neu': 0.632, 'pos': 0.13, 'compound': -0.2716}
{'neg': 0.098, 'neu': 0.8, 'pos': 0.102, 'compound': 0.1129}
{'neg': 0.124, 'neu': 0.704, 'pos': 0.172, 'compound': 0.469}
{'neg': 0.146, 'neu': 0.789, 'pos': 0.065, 'compound': -0.7443}
{'neg': 0.111, 'neu': 0.827, 'pos': 0.062, 'compound': -0.7506}
{'neg': 0.215, 'neu': 0.641, 'pos': 0.144, 'compound': -0.6865}
{'neg': 0.231, 'neu': 0.707, 'pos': 0.062, 'compound': -0.9015}
{'neg': 0.121, 'neu': 0.787, 'pos': 0.092, 'compound': -0.2247}
{'neg': 0.076, 'neu': 0.72, 'pos': 0.204, 'compound': 0.9025}
{'neg': 0.248, 'neu': 0.712, 'pos': 0.04, 'compound': -0.8687}
{'neg': 0.114, 'neu': 0.785, 'pos': 0.101, 'compound': -0.3957}
{'neg': 0.178, 'neu': 0.706, 'pos': 0.116, 'compound': -0.8992}
{'neg': 0.095, 'neu': 0.778, 'pos': 0.127, 'compound': 0.6285}
{'neg': 0.203, 'neu': 0.699, 'pos': 0.098, 'compound': -0.8834}
{'neg': 0.289, 'neu': 0.549, 'pos': 0.162, 'compound': -0.8055}
{'neg': 0.131, 'neu': 0.718, 'pos': 0.152, 'compound': -0.1045}
{'neg': 0.135, 'neu': 0.787, 'pos': 0.077, 'compound': -0.5027}
{'neg': 0.151, 'neu': 0.849, 'pos': 0.0, 'compound': -0.7225}
{'neg': 0.09, 'neu': 0.782, 'pos': 0.129, 'compound': 0.8788}
{'neg': 0.0, 'neu': 1.0, 'pos': 0.0, 'compound': 0.0}
{'neg': 0.0, 'neu': 0.796, 'pos': 0.204, 'compound': 0.4767}
{'neg': 0.141, 'neu': 0.71, 'pos': 0.149, 'compound': 0.2187}
{'neg': 0.2, 'neu': 0.631, 'pos': 0.168, 'compound': -0.4509}
{'neg': 0.147, 'neu': 0.667, 'pos': 0.186, 'compound': 0.4754}
{'neg': 0.063, 'neu': 0.87, 'pos': 0.068, 'compound': 0.296}
{'neg': 0.115, 'neu': 0.731, 'pos': 0.154, 'compound': 0.6457}
{'neg': 0.029, 'neu': 0.763, 'pos': 0.208, 'compound': 0.9384}
{'neg': 0.07, 'neu': 0.444, 'pos': 0.486, 'compound': 0.9317}
{'neg': 0.099, 'neu': 0.798, 'pos': 0.103, 'compound': -0.0953}
{'neg': 0.029, 'neu': 0.847, 'pos': 0.124, 'compound': 0.7935}
{'neg': 0.202, 'neu': 0.669, 'pos': 0.129, 'compound': -0.5435}
{'neg': 0.153, 'neu': 0.782, 'pos': 0.065, 'compound': -0.7783}
{'neg': 0.161, 'neu': 0.65, 'pos': 0.189, 'compound': -0.0372}
{'neg': 0.13, 'neu': 0.87, 'pos': 0.0, 'compound': -0.8096}
{'neg': 0.262, 'neu': 0.618, 'pos': 0.12, 'compound': -0.916}
{'neg': 0.204, 'neu': 0.71, 'pos': 0.085, 'compound': -0.975}
{'neg': 0.082, 'neu': 0.744, 'pos': 0.174, 'compound': 0.836}
{'neg': 0.04, 'neu': 0.813, 'pos': 0.147, 'compound': 0.8664}
{'neg': 0.107, 'neu': 0.893, 'pos': 0.0, 'compound': -0.872}
{'neg': 0.195, 'neu': 0.717, 'pos': 0.089, 'compound': -0.2732}
{'neg': 0.228, 'neu': 0.711, 'pos': 0.061, 'compound': -0.9789}
{'neg': 0.064, 'neu': 0.848, 'pos': 0.088, 'compound': 0.1761}
{'neg': 0.12, 'neu': 0.715, 'pos': 0.164, 'compound': 0.6343}
{'neg': 0.136, 'neu': 0.743, 'pos': 0.121, 'compound': -0.0716}
{'neg': 0.0, 'neu': 0.806, 'pos': 0.194, 'compound': 0.7705}
{'neg': 0.0, 'neu': 0.967, 'pos': 0.033, 'compound': 0.0772}
{'neg': 0.234, 'neu': 0.766, 'pos': 0.0, 'compound': -0.6705}
{'neg': 0.212, 'neu': 0.76, 'pos': 0.029, 'compound': -0.9765}
{'neg': 0.066, 'neu': 0.834, 'pos': 0.1, 'compound': 0.5465}
{'neg': 0.061, 'neu': 0.787, 'pos': 0.152, 'compound': 0.7783}
{'neg': 0.0, 'neu': 0.457, 'pos': 0.543, 'compound': 0.8658}
{'neg': 0.201, 'neu': 0.636, 'pos': 0.162, 'compound': -0.697}
{'neg': 0.055, 'neu': 0.843, 'pos': 0.102, 'compound': 0.6204}
{'neg': 0.073, 'neu': 0.802, 'pos': 0.125, 'compound': 0.2732}
{'neg': 0.0, 'neu': 0.764, 'pos': 0.236, 'compound': 0.9371}
{'neg': 0.239, 'neu': 0.646, 'pos': 0.115, 'compound': -0.9457}
{'neg': 0.139, 'neu': 0.71, 'pos': 0.151, 'compound': 0.1045}
{'neg': 0.192, 'neu': 0.714, 'pos': 0.095, 'compound': -0.7045}
{'neg': 0.251, 'neu': 0.642, 'pos': 0.107, 'compound': -0.7708}
{'neg': 0.12, 'neu': 0.797, 'pos': 0.083, 'compound': -0.0828}
{'neg': 0.15, 'neu': 0.732, 'pos': 0.118, 'compound': -0.7144}
{'neg': 0.11, 'neu': 0.836, 'pos': 0.054, 'compound': -0.5879}
{'neg': 0.067, 'neu': 0.821, 'pos': 0.112, 'compound': 0.022}
{'neg': 0.103, 'neu': 0.769, 'pos': 0.128, 'compound': -0.1548}
{'neg': 0.096, 'neu': 0.699, 'pos': 0.205, 'compound': 0.9931}
{'neg': 0.198, 'neu': 0.668, 'pos': 0.135, 'compound': -0.8887}
{'neg': 0.028, 'neu': 0.845, 'pos': 0.126, 'compound': 0.968}
{'neg': 0.0, 'neu': 0.958, 'pos': 0.042, 'compound': 0.3071}
{'neg': 0.149, 'neu': 0.642, 'pos': 0.209, 'compound': 0.5267}
{'neg': 0.209, 'neu': 0.715, 'pos': 0.076, 'compound': -0.8934}
{'neg': 0.097, 'neu': 0.539, 'pos': 0.364, 'compound': 0.9918}
{'neg': 0.176, 'neu': 0.566, 'pos': 0.258, 'compound': 0.5984}
{'neg': 0.127, 'neu': 0.728, 'pos': 0.144, 'compound': 0.4243}
{'neg': 0.027, 'neu': 0.833, 'pos': 0.14, 'compound': 0.7819}
{'neg': 0.154, 'neu': 0.82, 'pos': 0.025, 'compound': -0.9212}
{'neg': 0.147, 'neu': 0.827, 'pos': 0.026, 'compound': -0.8877}
{'neg': 0.13, 'neu': 0.771, 'pos': 0.098, 'compound': -0.4271}
{'neg': 0.139, 'neu': 0.735, 'pos': 0.125, 'compound': -0.7098}
{'neg': 0.122, 'neu': 0.755, 'pos': 0.123, 'compound': 0.0026}
{'neg': 0.187, 'neu': 0.572, 'pos': 0.241, 'compound': 0.2665}
{'neg': 0.212, 'neu': 0.709, 'pos': 0.079, 'compound': -0.9157}
{'neg': 0.065, 'neu': 0.854, 'pos': 0.082, 'compound': 0.4951}
{'neg': 0.106, 'neu': 0.8, 'pos': 0.093, 'compound': -0.6637}
{'neg': 0.195, 'neu': 0.671, 'pos': 0.134, 'compound': -0.9471}
{'neg': 0.165, 'neu': 0.622, 'pos': 0.213, 'compound': 0.6115}
{'neg': 0.132, 'neu': 0.8, 'pos': 0.069, 'compound': -0.574}
{'neg': 0.171, 'neu': 0.664, 'pos': 0.165, 'compound': 0.4531}
{'neg': 0.085, 'neu': 0.736, 'pos': 0.179, 'compound': 0.9792}
{'neg': 0.144, 'neu': 0.741, 'pos': 0.115, 'compound': -0.7034}
{'neg': 0.151, 'neu': 0.667, 'pos': 0.183, 'compound': 0.8958}
{'neg': 0.188, 'neu': 0.661, 'pos': 0.151, 'compound': -0.6744}
{'neg': 0.132, 'neu': 0.833, 'pos': 0.035, 'compound': -0.7003}
{'neg': 0.278, 'neu': 0.434, 'pos': 0.287, 'compound': 0.1008}
{'neg': 0.0, 'neu': 1.0, 'pos': 0.0, 'compound': 0.0}
{'neg': 0.094, 'neu': 0.766, 'pos': 0.141, 'compound': 0.9002}
{'neg': 0.105, 'neu': 0.694, 'pos': 0.2, 'compound': 0.9093}
{'neg': 0.091, 'neu': 0.708, 'pos': 0.2, 'compound': 0.4005}
{'neg': 0.252, 'neu': 0.633, 'pos': 0.115, 'compound': -0.9417}
{'neg': 0.267, 'neu': 0.617, 'pos': 0.115, 'compound': -0.7506}
{'neg': 0.2, 'neu': 0.695, 'pos': 0.105, 'compound': -0.8636}
{'neg': 0.319, 'neu': 0.681, 'pos': 0.0, 'compound': -0.7624}
{'neg': 0.12, 'neu': 0.663, 'pos': 0.217, 'compound': 0.9473}
{'neg': 0.132, 'neu': 0.77, 'pos': 0.098, 'compound': -0.5778}
{'neg': 0.144, 'neu': 0.749, 'pos': 0.107, 'compound': -0.0772}
{'neg': 0.105, 'neu': 0.85, 'pos': 0.044, 'compound': -0.7581}
{'neg': 0.0, 'neu': 0.822, 'pos': 0.178, 'compound': 0.5829}
{'neg': 0.204, 'neu': 0.66, 'pos': 0.136, 'compound': -0.8705}
{'neg': 0.179, 'neu': 0.708, 'pos': 0.113, 'compound': -0.9585}
{'neg': 0.119, 'neu': 0.861, 'pos': 0.021, 'compound': -0.8102}
{'neg': 0.123, 'neu': 0.777, 'pos': 0.101, 'compound': -0.1868}
{'neg': 0.052, 'neu': 0.948, 'pos': 0.0, 'compound': -0.2023}
{'neg': 0.087, 'neu': 0.788, 'pos': 0.126, 'compound': 0.5367}
{'neg': 0.183, 'neu': 0.714, 'pos': 0.103, 'compound': -0.8597}
{'neg': 0.156, 'neu': 0.654, 'pos': 0.19, 'compound': 0.1027}
{'neg': 0.148, 'neu': 0.723, 'pos': 0.128, 'compound': -0.0258}
{'neg': 0.118, 'neu': 0.83, 'pos': 0.051, 'compound': -0.7947}
{'neg': 0.091, 'neu': 0.755, 'pos': 0.154, 'compound': 0.3687}
{'neg': 0.114, 'neu': 0.735, 'pos': 0.15, 'compound': 0.4601}
{'neg': 0.098, 'neu': 0.902, 'pos': 0.0, 'compound': -0.3612}
{'neg': 0.102, 'neu': 0.801, 'pos': 0.097, 'compound': -0.4349}
{'neg': 0.099, 'neu': 0.74, 'pos': 0.162, 'compound': 0.5106}
{'neg': 0.07, 'neu': 0.696, 'pos': 0.235, 'compound': 0.9517}
{'neg': 0.077, 'neu': 0.769, 'pos': 0.154, 'compound': 0.7906}
{'neg': 0.253, 'neu': 0.465, 'pos': 0.282, 'compound': -0.0606}
{'neg': 0.222, 'neu': 0.655, 'pos': 0.123, 'compound': -0.7346}
{'neg': 0.067, 'neu': 0.906, 'pos': 0.027, 'compound': -0.3182}
{'neg': 0.172, 'neu': 0.828, 'pos': 0.0, 'compound': -0.6065}
{'neg': 0.0, 'neu': 1.0, 'pos': 0.0, 'compound': 0.0}
{'neg': 0.291, 'neu': 0.528, 'pos': 0.181, 'compound': -0.829}
{'neg': 0.189, 'neu': 0.811, 'pos': 0.0, 'compound': -0.5965}
{'neg': 0.14, 'neu': 0.86, 'pos': 0.0, 'compound': -0.4767}
{'neg': 0.153, 'neu': 0.806, 'pos': 0.041, 'compound': -0.7171}
{'neg': 0.058, 'neu': 0.894, 'pos': 0.048, 'compound': 0.0747}
{'neg': 0.161, 'neu': 0.702, 'pos': 0.137, 'compound': -0.6151}
