Polarity_result
{'neg': 0.074, 'neu': 0.744, 'pos': 0.182, 'compound': 0.9264}
{'neg': 0.046, 'neu': 0.809, 'pos': 0.145, 'compound': 0.8867}
{'neg': 0.0, 'neu': 0.831, 'pos': 0.169, 'compound': 0.8402}
{'neg': 0.0, 'neu': 0.903, 'pos': 0.097, 'compound': 0.4404}
{'neg': 0.11, 'neu': 0.758, 'pos': 0.131, 'compound': 0.5599}
{'neg': 0.13, 'neu': 0.758, 'pos': 0.112, 'compound': -0.3506}
{'neg': 0.162, 'neu': 0.678, 'pos': 0.16, 'compound': -0.0638}
{'neg': 0.15, 'neu': 0.788, 'pos': 0.062, 'compound': -0.4273}
{'neg': 0.141, 'neu': 0.772, 'pos': 0.088, 'compound': -0.5423}
{'neg': 0.0, 'neu': 0.866, 'pos': 0.134, 'compound': 0.9647}
{'neg': 0.0, 'neu': 0.862, 'pos': 0.138, 'compound': 0.6486}
{'neg': 0.0, 'neu': 0.799, 'pos': 0.201, 'compound': 0.6486}
{'neg': 0.052, 'neu': 0.892, 'pos': 0.056, 'compound': 0.1207}
{'neg': 0.0, 'neu': 0.82, 'pos': 0.18, 'compound': 0.9704}
{'neg': 0.0, 'neu': 0.921, 'pos': 0.079, 'compound': 0.2263}
{'neg': 0.055, 'neu': 0.89, 'pos': 0.054, 'compound': -0.036}
{'neg': 0.097, 'neu': 0.696, 'pos': 0.207, 'compound': 0.9438}
{'neg': 0.0, 'neu': 0.812, 'pos': 0.188, 'compound': 0.9062}
{'neg': 0.0, 'neu': 0.619, 'pos': 0.381, 'compound': 0.9371}
{'neg': 0.147, 'neu': 0.853, 'pos': 0.0, 'compound': -0.3804}
{'neg': 0.0, 'neu': 0.907, 'pos': 0.093, 'compound': 0.4973}
{'neg': 0.027, 'neu': 0.842, 'pos': 0.131, 'compound': 0.7264}
{'neg': 0.0, 'neu': 0.678, 'pos': 0.322, 'compound': 0.8588}
{'neg': 0.074, 'neu': 0.812, 'pos': 0.115, 'compound': 0.8402}
{'neg': 0.05, 'neu': 0.818, 'pos': 0.132, 'compound': 0.4767}
{'neg': 0.027, 'neu': 0.886, 'pos': 0.087, 'compound': 0.5137}
{'neg': 0.0, 'neu': 0.945, 'pos': 0.055, 'compound': 0.5672}
{'neg': 0.05, 'neu': 0.866, 'pos': 0.084, 'compound': 0.296}
{'neg': 0.073, 'neu': 0.794, 'pos': 0.133, 'compound': 0.5833}
{'neg': 0.045, 'neu': 0.728, 'pos': 0.227, 'compound': 0.926}
{'neg': 0.064, 'neu': 0.854, 'pos': 0.082, 'compound': -0.0772}
{'neg': 0.023, 'neu': 0.704, 'pos': 0.273, 'compound': 0.9911}
{'neg': 0.0, 'neu': 0.779, 'pos': 0.221, 'compound': 0.9274}
{'neg': 0.062, 'neu': 0.734, 'pos': 0.204, 'compound': 0.7351}
{'neg': 0.023, 'neu': 0.952, 'pos': 0.025, 'compound': 0.0387}
{'neg': 0.022, 'neu': 0.855, 'pos': 0.122, 'compound': 0.8221}
{'neg': 0.091, 'neu': 0.909, 'pos': 0.0, 'compound': -0.3222}
{'neg': 0.0, 'neu': 0.844, 'pos': 0.156, 'compound': 0.9246}
{'neg': 0.142, 'neu': 0.776, 'pos': 0.083, 'compound': -0.8468}
{'neg': 0.0, 'neu': 1.0, 'pos': 0.0, 'compound': 0.0}
{'neg': 0.037, 'neu': 0.86, 'pos': 0.103, 'compound': 0.8268}
{'neg': 0.052, 'neu': 0.692, 'pos': 0.255, 'compound': 0.9766}
{'neg': 0.17, 'neu': 0.534, 'pos': 0.296, 'compound': 0.3794}
{'neg': 0.017, 'neu': 0.87, 'pos': 0.114, 'compound': 0.8648}
{'neg': 0.114, 'neu': 0.802, 'pos': 0.084, 'compound': -0.5713}
{'neg': 0.167, 'neu': 0.764, 'pos': 0.069, 'compound': -0.9621}
{'neg': 0.069, 'neu': 0.906, 'pos': 0.025, 'compound': -0.6197}
{'neg': 0.019, 'neu': 0.862, 'pos': 0.119, 'compound': 0.8148}
{'neg': 0.089, 'neu': 0.838, 'pos': 0.074, 'compound': -0.6837}
{'neg': 0.222, 'neu': 0.708, 'pos': 0.071, 'compound': -0.7502}
{'neg': 0.03, 'neu': 0.809, 'pos': 0.161, 'compound': 0.9011}
{'neg': 0.156, 'neu': 0.741, 'pos': 0.103, 'compound': -0.8326}
{'neg': 0.053, 'neu': 0.863, 'pos': 0.084, 'compound': 0.6249}
{'neg': 0.0, 'neu': 0.923, 'pos': 0.077, 'compound': 0.1285}
{'neg': 0.121, 'neu': 0.71, 'pos': 0.169, 'compound': 0.8377}
{'neg': 0.0, 'neu': 0.736, 'pos': 0.264, 'compound': 0.902}
{'neg': 0.068, 'neu': 0.794, 'pos': 0.138, 'compound': 0.6155}
{'neg': 0.0, 'neu': 0.889, 'pos': 0.111, 'compound': 0.25}
{'neg': 0.0, 'neu': 0.948, 'pos': 0.052, 'compound': 0.3182}
{'neg': 0.187, 'neu': 0.701, 'pos': 0.112, 'compound': -0.9134}
{'neg': 0.046, 'neu': 0.753, 'pos': 0.202, 'compound': 0.9837}
{'neg': 0.034, 'neu': 0.834, 'pos': 0.132, 'compound': 0.8442}
{'neg': 0.127, 'neu': 0.723, 'pos': 0.15, 'compound': 0.6275}
{'neg': 0.139, 'neu': 0.796, 'pos': 0.065, 'compound': -0.7757}
{'neg': 0.031, 'neu': 0.752, 'pos': 0.218, 'compound': 0.9284}
{'neg': 0.046, 'neu': 0.811, 'pos': 0.143, 'compound': 0.9133}
{'neg': 0.013, 'neu': 0.88, 'pos': 0.107, 'compound': 0.8723}
{'neg': 0.048, 'neu': 0.673, 'pos': 0.279, 'compound': 0.8854}
{'neg': 0.041, 'neu': 0.83, 'pos': 0.129, 'compound': 0.7912}
{'neg': 0.109, 'neu': 0.891, 'pos': 0.0, 'compound': -0.296}
{'neg': 0.103, 'neu': 0.873, 'pos': 0.024, 'compound': -0.8609}
{'neg': 0.023, 'neu': 0.951, 'pos': 0.026, 'compound': -0.0897}
{'neg': 0.031, 'neu': 0.923, 'pos': 0.045, 'compound': 0.2272}
{'neg': 0.164, 'neu': 0.776, 'pos': 0.061, 'compound': -0.8728}
{'neg': 0.107, 'neu': 0.795, 'pos': 0.098, 'compound': -0.6258}
{'neg': 0.042, 'neu': 0.911, 'pos': 0.046, 'compound': 0.1272}
{'neg': 0.126, 'neu': 0.8, 'pos': 0.074, 'compound': -0.8472}
{'neg': 0.029, 'neu': 0.945, 'pos': 0.026, 'compound': -0.0772}
{'neg': 0.0, 'neu': 0.712, 'pos': 0.288, 'compound': 0.8591}
{'neg': 0.095, 'neu': 0.802, 'pos': 0.103, 'compound': 0.0516}
{'neg': 0.0, 'neu': 0.838, 'pos': 0.162, 'compound': 0.9041}
{'neg': 0.08, 'neu': 0.92, 'pos': 0.0, 'compound': -0.2732}
{'neg': 0.288, 'neu': 0.647, 'pos': 0.064, 'compound': -0.9845}
{'neg': 0.084, 'neu': 0.758, 'pos': 0.158, 'compound': 0.3259}
{'neg': 0.051, 'neu': 0.746, 'pos': 0.203, 'compound': 0.7991}
{'neg': 0.09, 'neu': 0.855, 'pos': 0.055, 'compound': -0.5182}
{'neg': 0.0, 'neu': 0.877, 'pos': 0.123, 'compound': 0.4215}
{'neg': 0.023, 'neu': 0.76, 'pos': 0.217, 'compound': 0.9491}
{'neg': 0.05, 'neu': 0.824, 'pos': 0.126, 'compound': 0.5789}
{'neg': 0.146, 'neu': 0.732, 'pos': 0.122, 'compound': -0.4215}
{'neg': 0.082, 'neu': 0.918, 'pos': 0.0, 'compound': -0.431}
{'neg': 0.0, 'neu': 0.963, 'pos': 0.037, 'compound': 0.5182}
{'neg': 0.179, 'neu': 0.674, 'pos': 0.148, 'compound': -0.1779}
{'neg': 0.068, 'neu': 0.836, 'pos': 0.096, 'compound': 0.7184}
{'neg': 0.154, 'neu': 0.768, 'pos': 0.078, 'compound': -0.8814}
{'neg': 0.222, 'neu': 0.689, 'pos': 0.088, 'compound': -0.8519}
{'neg': 0.162, 'neu': 0.838, 'pos': 0.0, 'compound': -0.4717}
{'neg': 0.0, 'neu': 0.857, 'pos': 0.143, 'compound': 0.3612}
{'neg': 0.139, 'neu': 0.681, 'pos': 0.18, 'compound': 0.4703}
{'neg': 0.0, 'neu': 0.857, 'pos': 0.143, 'compound': 0.7184}
{'neg': 0.148, 'neu': 0.757, 'pos': 0.095, 'compound': -0.38}
{'neg': 0.097, 'neu': 0.746, 'pos': 0.157, 'compound': 0.4601}
{'neg': 0.057, 'neu': 0.787, 'pos': 0.155, 'compound': 0.8564}
{'neg': 0.174, 'neu': 0.734, 'pos': 0.091, 'compound': -0.8454}
{'neg': 0.072, 'neu': 0.599, 'pos': 0.329, 'compound': 0.8219}
{'neg': 0.084, 'neu': 0.842, 'pos': 0.074, 'compound': -0.0788}
{'neg': 0.062, 'neu': 0.712, 'pos': 0.226, 'compound': 0.9318}
{'neg': 0.095, 'neu': 0.785, 'pos': 0.12, 'compound': 0.4416}
{'neg': 0.036, 'neu': 0.666, 'pos': 0.298, 'compound': 0.9871}
{'neg': 0.051, 'neu': 0.818, 'pos': 0.131, 'compound': 0.9562}
{'neg': 0.0, 'neu': 0.797, 'pos': 0.203, 'compound': 0.801}
{'neg': 0.06, 'neu': 0.823, 'pos': 0.116, 'compound': 0.8535}
{'neg': 0.23, 'neu': 0.626, 'pos': 0.144, 'compound': -0.2542}
{'neg': 0.026, 'neu': 0.79, 'pos': 0.184, 'compound': 0.8855}
{'neg': 0.125, 'neu': 0.637, 'pos': 0.238, 'compound': 0.9615}
{'neg': 0.115, 'neu': 0.885, 'pos': 0.0, 'compound': -0.296}
{'neg': 0.087, 'neu': 0.811, 'pos': 0.102, 'compound': 0.2263}
{'neg': 0.0, 'neu': 0.832, 'pos': 0.168, 'compound': 0.6653}
{'neg': 0.0, 'neu': 0.618, 'pos': 0.382, 'compound': 0.9186}
{'neg': 0.0, 'neu': 0.784, 'pos': 0.216, 'compound': 0.765}
{'neg': 0.134, 'neu': 0.755, 'pos': 0.111, 'compound': -0.5143}
{'neg': 0.084, 'neu': 0.693, 'pos': 0.223, 'compound': 0.9378}
{'neg': 0.0, 'neu': 0.628, 'pos': 0.372, 'compound': 0.7964}
{'neg': 0.0, 'neu': 0.873, 'pos': 0.127, 'compound': 0.9638}
{'neg': 0.0, 'neu': 0.701, 'pos': 0.299, 'compound': 0.8689}
{'neg': 0.0, 'neu': 0.775, 'pos': 0.225, 'compound': 0.7902}
{'neg': 0.0, 'neu': 0.652, 'pos': 0.348, 'compound': 0.9967}
{'neg': 0.0, 'neu': 0.832, 'pos': 0.168, 'compound': 0.8442}
{'neg': 0.21, 'neu': 0.79, 'pos': 0.0, 'compound': -0.3947}
{'neg': 0.319, 'neu': 0.643, 'pos': 0.038, 'compound': -0.9104}
{'neg': 0.085, 'neu': 0.696, 'pos': 0.218, 'compound': 0.8842}
{'neg': 0.049, 'neu': 0.838, 'pos': 0.113, 'compound': 0.8647}
{'neg': 0.021, 'neu': 0.852, 'pos': 0.127, 'compound': 0.8036}
{'neg': 0.025, 'neu': 0.905, 'pos': 0.07, 'compound': 0.4576}
{'neg': 0.023, 'neu': 0.806, 'pos': 0.172, 'compound': 0.859}
{'neg': 0.086, 'neu': 0.914, 'pos': 0.0, 'compound': -0.25}
{'neg': 0.031, 'neu': 0.935, 'pos': 0.033, 'compound': 0.0516}
{'neg': 0.0, 'neu': 0.576, 'pos': 0.424, 'compound': 0.8834}
{'neg': 0.209, 'neu': 0.744, 'pos': 0.047, 'compound': -0.7096}
{'neg': 0.087, 'neu': 0.871, 'pos': 0.043, 'compound': -0.659}
{'neg': 0.0, 'neu': 0.923, 'pos': 0.077, 'compound': 0.5301}
{'neg': 0.086, 'neu': 0.749, 'pos': 0.164, 'compound': 0.8858}
{'neg': 0.0, 'neu': 0.938, 'pos': 0.062, 'compound': 0.4939}
{'neg': 0.0, 'neu': 1.0, 'pos': 0.0, 'compound': 0.0}
{'neg': 0.084, 'neu': 0.833, 'pos': 0.083, 'compound': -0.0168}
{'neg': 0.028, 'neu': 0.892, 'pos': 0.08, 'compound': 0.4588}
{'neg': 0.104, 'neu': 0.896, 'pos': 0.0, 'compound': -0.5994}
{'neg': 0.034, 'neu': 0.852, 'pos': 0.114, 'compound': 0.8528}
{'neg': 0.0, 'neu': 1.0, 'pos': 0.0, 'compound': 0.0}
{'neg': 0.171, 'neu': 0.768, 'pos': 0.06, 'compound': -0.5377}
{'neg': 0.068, 'neu': 0.849, 'pos': 0.083, 'compound': 0.1635}
{'neg': 0.0, 'neu': 0.874, 'pos': 0.126, 'compound': 0.928}
{'neg': 0.0, 'neu': 0.872, 'pos': 0.128, 'compound': 0.4767}
{'neg': 0.027, 'neu': 0.716, 'pos': 0.257, 'compound': 0.9418}
{'neg': 0.0, 'neu': 1.0, 'pos': 0.0, 'compound': 0.0}
{'neg': 0.0, 'neu': 0.854, 'pos': 0.146, 'compound': 0.8689}
{'neg': 0.0, 'neu': 0.855, 'pos': 0.145, 'compound': 0.8943}
{'neg': 0.061, 'neu': 0.802, 'pos': 0.138, 'compound': 0.9476}
{'neg': 0.018, 'neu': 0.772, 'pos': 0.21, 'compound': 0.9621}
{'neg': 0.0, 'neu': 0.944, 'pos': 0.056, 'compound': 0.1406}
{'neg': 0.031, 'neu': 0.682, 'pos': 0.287, 'compound': 0.9595}
{'neg': 0.056, 'neu': 0.711, 'pos': 0.233, 'compound': 0.9916}
{'neg': 0.059, 'neu': 0.791, 'pos': 0.15, 'compound': 0.9416}
{'neg': 0.074, 'neu': 0.823, 'pos': 0.102, 'compound': 0.2617}
{'neg': 0.13, 'neu': 0.648, 'pos': 0.222, 'compound': 0.5719}
{'neg': 0.0, 'neu': 0.651, 'pos': 0.349, 'compound': 0.9657}
{'neg': 0.237, 'neu': 0.721, 'pos': 0.042, 'compound': -0.9824}
{'neg': 0.199, 'neu': 0.723, 'pos': 0.078, 'compound': -0.8004}
{'neg': 0.01, 'neu': 0.75, 'pos': 0.24, 'compound': 0.9858}
{'neg': 0.0, 'neu': 0.578, 'pos': 0.422, 'compound': 0.8591}
{'neg': 0.0, 'neu': 0.919, 'pos': 0.081, 'compound': 0.5563}
{'neg': 0.061, 'neu': 0.818, 'pos': 0.121, 'compound': 0.6076}
{'neg': 0.12, 'neu': 0.784, 'pos': 0.096, 'compound': -0.274}
{'neg': 0.096, 'neu': 0.818, 'pos': 0.086, 'compound': -0.2165}
{'neg': 0.072, 'neu': 0.74, 'pos': 0.188, 'compound': 0.875}
{'neg': 0.038, 'neu': 0.86, 'pos': 0.102, 'compound': 0.6808}
{'neg': 0.0, 'neu': 0.626, 'pos': 0.374, 'compound': 0.9729}
{'neg': 0.0, 'neu': 0.799, 'pos': 0.201, 'compound': 0.93}
{'neg': 0.174, 'neu': 0.695, 'pos': 0.131, 'compound': -0.524}
{'neg': 0.092, 'neu': 0.857, 'pos': 0.051, 'compound': -0.1096}
{'neg': 0.094, 'neu': 0.857, 'pos': 0.049, 'compound': -0.4515}
{'neg': 0.021, 'neu': 0.77, 'pos': 0.209, 'compound': 0.9912}
{'neg': 0.143, 'neu': 0.857, 'pos': 0.0, 'compound': -0.7893}
{'neg': 0.0, 'neu': 0.782, 'pos': 0.218, 'compound': 0.9325}
{'neg': 0.0, 'neu': 0.779, 'pos': 0.221, 'compound': 0.7964}
{'neg': 0.0, 'neu': 0.64, 'pos': 0.36, 'compound': 0.8612}
{'neg': 0.071, 'neu': 0.797, 'pos': 0.132, 'compound': 0.5729}
{'neg': 0.0, 'neu': 0.652, 'pos': 0.348, 'compound': 0.9741}
{'neg': 0.05, 'neu': 0.847, 'pos': 0.103, 'compound': 0.6124}
{'neg': 0.031, 'neu': 0.91, 'pos': 0.06, 'compound': 0.5574}
{'neg': 0.086, 'neu': 0.872, 'pos': 0.042, 'compound': -0.4621}
{'neg': 0.035, 'neu': 0.844, 'pos': 0.121, 'compound': 0.8798}
{'neg': 0.039, 'neu': 0.864, 'pos': 0.097, 'compound': 0.7507}
{'neg': 0.013, 'neu': 0.904, 'pos': 0.083, 'compound': 0.8957}
{'neg': 0.154, 'neu': 0.729, 'pos': 0.117, 'compound': -0.4215}
{'neg': 0.0, 'neu': 0.888, 'pos': 0.112, 'compound': 0.3962}
{'neg': 0.087, 'neu': 0.786, 'pos': 0.127, 'compound': 0.2263}
{'neg': 0.0, 'neu': 0.809, 'pos': 0.191, 'compound': 0.872}
{'neg': 0.0, 'neu': 1.0, 'pos': 0.0, 'compound': 0.0}
{'neg': 0.066, 'neu': 0.783, 'pos': 0.152, 'compound': 0.7206}
{'neg': 0.097, 'neu': 0.881, 'pos': 0.022, 'compound': -0.91}
{'neg': 0.193, 'neu': 0.732, 'pos': 0.075, 'compound': -0.7863}
{'neg': 0.045, 'neu': 0.955, 'pos': 0.0, 'compound': -0.3241}
{'neg': 0.057, 'neu': 0.417, 'pos': 0.527, 'compound': 0.9501}
{'neg': 0.019, 'neu': 0.708, 'pos': 0.273, 'compound': 0.9781}
{'neg': 0.016, 'neu': 0.763, 'pos': 0.221, 'compound': 0.9791}
{'neg': 0.109, 'neu': 0.835, 'pos': 0.056, 'compound': -0.6478}
{'neg': 0.143, 'neu': 0.857, 'pos': 0.0, 'compound': -0.612}
{'neg': 0.011, 'neu': 0.749, 'pos': 0.241, 'compound': 0.9771}
{'neg': 0.0, 'neu': 0.713, 'pos': 0.287, 'compound': 0.7806}
{'neg': 0.164, 'neu': 0.791, 'pos': 0.046, 'compound': -0.777}
{'neg': 0.027, 'neu': 0.625, 'pos': 0.348, 'compound': 0.9469}
{'neg': 0.102, 'neu': 0.803, 'pos': 0.096, 'compound': -0.0498}
{'neg': 0.042, 'neu': 0.793, 'pos': 0.165, 'compound': 0.8118}
{'neg': 0.0, 'neu': 0.93, 'pos': 0.07, 'compound': 0.846}
{'neg': 0.0, 'neu': 1.0, 'pos': 0.0, 'compound': 0.0}
{'neg': 0.075, 'neu': 0.806, 'pos': 0.119, 'compound': 0.6801}
{'neg': 0.071, 'neu': 0.846, 'pos': 0.083, 'compound': 0.2975}
{'neg': 0.19, 'neu': 0.758, 'pos': 0.052, 'compound': -0.7326}
{'neg': 0.095, 'neu': 0.779, 'pos': 0.126, 'compound': 0.1779}
{'neg': 0.019, 'neu': 0.752, 'pos': 0.229, 'compound': 0.9656}
{'neg': 0.187, 'neu': 0.813, 'pos': 0.0, 'compound': -0.8689}
{'neg': 0.06, 'neu': 0.755, 'pos': 0.186, 'compound': 0.6133}
{'neg': 0.0, 'neu': 0.793, 'pos': 0.207, 'compound': 0.9423}
{'neg': 0.035, 'neu': 0.847, 'pos': 0.118, 'compound': 0.7354}
{'neg': 0.0, 'neu': 1.0, 'pos': 0.0, 'compound': 0.0}
{'neg': 0.093, 'neu': 0.766, 'pos': 0.141, 'compound': 0.279}
{'neg': 0.035, 'neu': 0.763, 'pos': 0.202, 'compound': 0.9224}
{'neg': 0.0, 'neu': 0.802, 'pos': 0.198, 'compound': 0.8842}
{'neg': 0.144, 'neu': 0.77, 'pos': 0.087, 'compound': -0.6066}
{'neg': 0.044, 'neu': 0.837, 'pos': 0.119, 'compound': 0.9115}
{'neg': 0.1, 'neu': 0.859, 'pos': 0.041, 'compound': -0.5785}
{'neg': 0.0, 'neu': 0.881, 'pos': 0.119, 'compound': 0.4939}
{'neg': 0.052, 'neu': 0.731, 'pos': 0.217, 'compound': 0.936}
{'neg': 0.018, 'neu': 0.883, 'pos': 0.099, 'compound': 0.9099}
{'neg': 0.009, 'neu': 0.855, 'pos': 0.136, 'compound': 0.9519}
{'neg': 0.0, 'neu': 0.81, 'pos': 0.19, 'compound': 0.8934}
{'neg': 0.024, 'neu': 0.835, 'pos': 0.14, 'compound': 0.9337}
{'neg': 0.069, 'neu': 0.838, 'pos': 0.093, 'compound': 0.3453}
{'neg': 0.0, 'neu': 0.751, 'pos': 0.249, 'compound': 0.8516}
{'neg': 0.0, 'neu': 0.498, 'pos': 0.502, 'compound': 0.9337}
{'neg': 0.0, 'neu': 0.827, 'pos': 0.173, 'compound': 0.8979}
{'neg': 0.061, 'neu': 0.845, 'pos': 0.094, 'compound': 0.5413}
{'neg': 0.02, 'neu': 0.773, 'pos': 0.208, 'compound': 0.9366}
{'neg': 0.097, 'neu': 0.747, 'pos': 0.157, 'compound': 0.2878}
{'neg': 0.142, 'neu': 0.728, 'pos': 0.13, 'compound': -0.2692}
{'neg': 0.081, 'neu': 0.827, 'pos': 0.093, 'compound': 0.2062}
{'neg': 0.014, 'neu': 0.828, 'pos': 0.158, 'compound': 0.9741}
{'neg': 0.043, 'neu': 0.855, 'pos': 0.102, 'compound': 0.735}
{'neg': 0.175, 'neu': 0.696, 'pos': 0.129, 'compound': -0.6258}
{'neg': 0.139, 'neu': 0.689, 'pos': 0.172, 'compound': 0.6057}
{'neg': 0.0, 'neu': 0.803, 'pos': 0.197, 'compound': 0.9666}
{'neg': 0.0, 'neu': 0.864, 'pos': 0.136, 'compound': 0.7845}
{'neg': 0.127, 'neu': 0.822, 'pos': 0.051, 'compound': -0.8055}
{'neg': 0.073, 'neu': 0.856, 'pos': 0.07, 'compound': 0.1872}
{'neg': 0.061, 'neu': 0.909, 'pos': 0.03, 'compound': -0.2654}
{'neg': 0.067, 'neu': 0.874, 'pos': 0.058, 'compound': -0.34}
{'neg': 0.148, 'neu': 0.794, 'pos': 0.058, 'compound': -0.9555}
{'neg': 0.151, 'neu': 0.675, 'pos': 0.175, 'compound': 0.7259}
{'neg': 0.165, 'neu': 0.808, 'pos': 0.027, 'compound': -0.9235}
{'neg': 0.065, 'neu': 0.749, 'pos': 0.186, 'compound': 0.8979}
{'neg': 0.158, 'neu': 0.723, 'pos': 0.119, 'compound': -0.4588}
{'neg': 0.113, 'neu': 0.634, 'pos': 0.254, 'compound': 0.7184}
{'neg': 0.0, 'neu': 0.794, 'pos': 0.206, 'compound': 0.9125}
{'neg': 0.104, 'neu': 0.896, 'pos': 0.0, 'compound': -0.5023}
{'neg': 0.014, 'neu': 0.797, 'pos': 0.189, 'compound': 0.9788}
{'neg': 0.028, 'neu': 0.828, 'pos': 0.143, 'compound': 0.7717}
{'neg': 0.072, 'neu': 0.879, 'pos': 0.049, 'compound': -0.1027}
{'neg': 0.117, 'neu': 0.772, 'pos': 0.111, 'compound': 0.011}
{'neg': 0.121, 'neu': 0.752, 'pos': 0.127, 'compound': 0.139}
{'neg': 0.074, 'neu': 0.833, 'pos': 0.093, 'compound': 0.4437}
{'neg': 0.057, 'neu': 0.837, 'pos': 0.105, 'compound': 0.2732}
{'neg': 0.133, 'neu': 0.797, 'pos': 0.069, 'compound': -0.7308}
{'neg': 0.034, 'neu': 0.598, 'pos': 0.367, 'compound': 0.9732}
{'neg': 0.022, 'neu': 0.78, 'pos': 0.198, 'compound': 0.9538}
{'neg': 0.047, 'neu': 0.694, 'pos': 0.259, 'compound': 0.8858}
{'neg': 0.059, 'neu': 0.586, 'pos': 0.355, 'compound': 0.8907}
{'neg': 0.072, 'neu': 0.815, 'pos': 0.113, 'compound': 0.3182}
{'neg': 0.049, 'neu': 0.784, 'pos': 0.167, 'compound': 0.7783}
{'neg': 0.065, 'neu': 0.784, 'pos': 0.151, 'compound': 0.714}
{'neg': 0.245, 'neu': 0.649, 'pos': 0.106, 'compound': -0.7717}
{'neg': 0.179, 'neu': 0.65, 'pos': 0.171, 'compound': -0.1372}
{'neg': 0.098, 'neu': 0.784, 'pos': 0.118, 'compound': 0.1779}
{'neg': 0.0, 'neu': 1.0, 'pos': 0.0, 'compound': 0.0}
{'neg': 0.056, 'neu': 0.781, 'pos': 0.164, 'compound': 0.9494}
{'neg': 0.037, 'neu': 0.744, 'pos': 0.219, 'compound': 0.982}
{'neg': 0.045, 'neu': 0.955, 'pos': 0.0, 'compound': -0.3883}
{'neg': 0.074, 'neu': 0.888, 'pos': 0.038, 'compound': -0.8042}
{'neg': 0.052, 'neu': 0.845, 'pos': 0.103, 'compound': 0.743}
{'neg': 0.101, 'neu': 0.817, 'pos': 0.082, 'compound': -0.3626}
{'neg': 0.087, 'neu': 0.806, 'pos': 0.107, 'compound': 0.2516}
{'neg': 0.0, 'neu': 0.89, 'pos': 0.11, 'compound': 0.8352}
{'neg': 0.2, 'neu': 0.77, 'pos': 0.029, 'compound': -0.8567}
{'neg': 0.095, 'neu': 0.784, 'pos': 0.122, 'compound': 0.4286}
{'neg': 0.136, 'neu': 0.864, 'pos': 0.0, 'compound': -0.6249}
{'neg': 0.3, 'neu': 0.568, 'pos': 0.132, 'compound': -0.951}
{'neg': 0.069, 'neu': 0.796, 'pos': 0.134, 'compound': 0.6133}
{'neg': 0.0, 'neu': 1.0, 'pos': 0.0, 'compound': 0.0}
{'neg': 0.04, 'neu': 0.696, 'pos': 0.264, 'compound': 0.9039}
{'neg': 0.075, 'neu': 0.778, 'pos': 0.147, 'compound': 0.6147}
{'neg': 0.017, 'neu': 0.737, 'pos': 0.245, 'compound': 0.9909}
{'neg': 0.356, 'neu': 0.644, 'pos': 0.0, 'compound': -0.93}
{'neg': 0.136, 'neu': 0.807, 'pos': 0.057, 'compound': -0.4854}
{'neg': 0.037, 'neu': 0.926, 'pos': 0.036, 'compound': -0.01}
{'neg': 0.0, 'neu': 0.905, 'pos': 0.095, 'compound': 0.6369}
{'neg': 0.065, 'neu': 0.701, 'pos': 0.234, 'compound': 0.9854}
{'neg': 0.029, 'neu': 0.793, 'pos': 0.179, 'compound': 0.9687}
{'neg': 0.084, 'neu': 0.759, 'pos': 0.158, 'compound': 0.6805}
{'neg': 0.0, 'neu': 0.812, 'pos': 0.188, 'compound': 0.5719}
{'neg': 0.039, 'neu': 0.843, 'pos': 0.118, 'compound': 0.743}
{'neg': 0.13, 'neu': 0.705, 'pos': 0.165, 'compound': 0.2263}
{'neg': 0.087, 'neu': 0.785, 'pos': 0.128, 'compound': 0.5234}
{'neg': 0.0, 'neu': 0.853, 'pos': 0.147, 'compound': 0.6908}
{'neg': 0.03, 'neu': 0.806, 'pos': 0.164, 'compound': 0.9371}
{'neg': 0.016, 'neu': 0.85, 'pos': 0.134, 'compound': 0.9559}
{'neg': 0.0, 'neu': 0.772, 'pos': 0.228, 'compound': 0.8858}
{'neg': 0.043, 'neu': 0.79, 'pos': 0.167, 'compound': 0.9543}
{'neg': 0.112, 'neu': 0.824, 'pos': 0.065, 'compound': -0.3657}
{'neg': 0.019, 'neu': 0.83, 'pos': 0.151, 'compound': 0.9445}
{'neg': 0.078, 'neu': 0.922, 'pos': 0.0, 'compound': -0.296}
{'neg': 0.166, 'neu': 0.79, 'pos': 0.045, 'compound': -0.7843}
{'neg': 0.112, 'neu': 0.848, 'pos': 0.039, 'compound': -0.5267}
{'neg': 0.068, 'neu': 0.802, 'pos': 0.13, 'compound': 0.868}
{'neg': 0.199, 'neu': 0.627, 'pos': 0.174, 'compound': -0.1779}
{'neg': 0.0, 'neu': 0.741, 'pos': 0.259, 'compound': 0.8687}
{'neg': 0.038, 'neu': 0.699, 'pos': 0.262, 'compound': 0.9153}
{'neg': 0.0, 'neu': 0.471, 'pos': 0.529, 'compound': 0.9735}
{'neg': 0.0, 'neu': 0.671, 'pos': 0.329, 'compound': 0.8685}
{'neg': 0.143, 'neu': 0.738, 'pos': 0.119, 'compound': -0.5912}
{'neg': 0.136, 'neu': 0.792, 'pos': 0.072, 'compound': -0.3257}
{'neg': 0.138, 'neu': 0.766, 'pos': 0.096, 'compound': -0.4927}
{'neg': 0.074, 'neu': 0.873, 'pos': 0.053, 'compound': -0.5187}
{'neg': 0.083, 'neu': 0.679, 'pos': 0.239, 'compound': 0.7357}
{'neg': 0.103, 'neu': 0.645, 'pos': 0.252, 'compound': 0.9015}
{'neg': 0.066, 'neu': 0.797, 'pos': 0.137, 'compound': 0.3806}
{'neg': 0.035, 'neu': 0.832, 'pos': 0.132, 'compound': 0.9402}
{'neg': 0.188, 'neu': 0.769, 'pos': 0.042, 'compound': -0.937}
{'neg': 0.136, 'neu': 0.864, 'pos': 0.0, 'compound': -0.7626}
{'neg': 0.078, 'neu': 0.84, 'pos': 0.083, 'compound': 0.2238}
{'neg': 0.0, 'neu': 0.782, 'pos': 0.218, 'compound': 0.7506}
{'neg': 0.076, 'neu': 0.763, 'pos': 0.161, 'compound': 0.4961}
{'neg': 0.071, 'neu': 0.777, 'pos': 0.152, 'compound': 0.8592}
{'neg': 0.0, 'neu': 0.799, 'pos': 0.201, 'compound': 0.9022}
{'neg': 0.0, 'neu': 0.712, 'pos': 0.288, 'compound': 0.8519}
{'neg': 0.037, 'neu': 0.948, 'pos': 0.014, 'compound': -0.4027}
{'neg': 0.039, 'neu': 0.812, 'pos': 0.149, 'compound': 0.8658}
{'neg': 0.137, 'neu': 0.826, 'pos': 0.038, 'compound': -0.9527}
{'neg': 0.0, 'neu': 0.779, 'pos': 0.221, 'compound': 0.6597}
{'neg': 0.016, 'neu': 0.782, 'pos': 0.202, 'compound': 0.9835}
{'neg': 0.181, 'neu': 0.819, 'pos': 0.0, 'compound': -0.5964}
{'neg': 0.0, 'neu': 0.842, 'pos': 0.158, 'compound': 0.5324}
{'neg': 0.065, 'neu': 0.7, 'pos': 0.235, 'compound': 0.987}
{'neg': 0.172, 'neu': 0.758, 'pos': 0.071, 'compound': -0.6124}
{'neg': 0.128, 'neu': 0.754, 'pos': 0.119, 'compound': -0.228}
{'neg': 0.106, 'neu': 0.868, 'pos': 0.026, 'compound': -0.9042}
{'neg': 0.0, 'neu': 0.603, 'pos': 0.397, 'compound': 0.9476}
{'neg': 0.079, 'neu': 0.67, 'pos': 0.25, 'compound': 0.9505}
{'neg': 0.124, 'neu': 0.855, 'pos': 0.021, 'compound': -0.9482}
{'neg': 0.064, 'neu': 0.89, 'pos': 0.046, 'compound': -0.5667}
{'neg': 0.063, 'neu': 0.773, 'pos': 0.164, 'compound': 0.872}
{'neg': 0.043, 'neu': 0.887, 'pos': 0.07, 'compound': 0.2023}
{'neg': 0.101, 'neu': 0.745, 'pos': 0.154, 'compound': 0.25}
{'neg': 0.112, 'neu': 0.764, 'pos': 0.124, 'compound': 0.2378}
{'neg': 0.166, 'neu': 0.656, 'pos': 0.178, 'compound': 0.1027}
{'neg': 0.105, 'neu': 0.76, 'pos': 0.135, 'compound': 0.648}
{'neg': 0.143, 'neu': 0.857, 'pos': 0.0, 'compound': -0.9217}
{'neg': 0.121, 'neu': 0.862, 'pos': 0.016, 'compound': -0.7684}
{'neg': 0.102, 'neu': 0.753, 'pos': 0.145, 'compound': 0.6908}
{'neg': 0.071, 'neu': 0.835, 'pos': 0.094, 'compound': 0.2792}
{'neg': 0.061, 'neu': 0.855, 'pos': 0.084, 'compound': 0.5859}
{'neg': 0.0, 'neu': 0.82, 'pos': 0.18, 'compound': 0.9503}
{'neg': 0.11, 'neu': 0.864, 'pos': 0.026, 'compound': -0.7007}
{'neg': 0.0, 'neu': 0.783, 'pos': 0.217, 'compound': 0.923}
{'neg': 0.102, 'neu': 0.772, 'pos': 0.127, 'compound': 0.2023}
{'neg': 0.166, 'neu': 0.624, 'pos': 0.209, 'compound': 0.9491}
{'neg': 0.0, 'neu': 0.748, 'pos': 0.252, 'compound': 0.9894}
{'neg': 0.0, 'neu': 0.719, 'pos': 0.281, 'compound': 0.8481}
{'neg': 0.087, 'neu': 0.762, 'pos': 0.151, 'compound': 0.7687}
{'neg': 0.049, 'neu': 0.852, 'pos': 0.098, 'compound': 0.4588}
{'neg': 0.116, 'neu': 0.775, 'pos': 0.11, 'compound': 0.0772}
{'neg': 0.095, 'neu': 0.583, 'pos': 0.322, 'compound': 0.9729}
{'neg': 0.0, 'neu': 0.816, 'pos': 0.184, 'compound': 0.7906}
{'neg': 0.0, 'neu': 0.877, 'pos': 0.123, 'compound': 0.5994}
{'neg': 0.0, 'neu': 0.674, 'pos': 0.326, 'compound': 0.9674}
{'neg': 0.03, 'neu': 0.79, 'pos': 0.18, 'compound': 0.9812}
{'neg': 0.0, 'neu': 0.804, 'pos': 0.196, 'compound': 0.6573}
{'neg': 0.051, 'neu': 0.847, 'pos': 0.102, 'compound': 0.4019}
{'neg': 0.178, 'neu': 0.743, 'pos': 0.079, 'compound': -0.8897}
{'neg': 0.103, 'neu': 0.848, 'pos': 0.048, 'compound': -0.4956}
{'neg': 0.0, 'neu': 0.702, 'pos': 0.298, 'compound': 0.714}
{'neg': 0.116, 'neu': 0.748, 'pos': 0.136, 'compound': -0.0763}
{'neg': 0.048, 'neu': 0.881, 'pos': 0.071, 'compound': 0.2969}
{'neg': 0.02, 'neu': 0.86, 'pos': 0.12, 'compound': 0.8542}
{'neg': 0.06, 'neu': 0.684, 'pos': 0.256, 'compound': 0.9258}
{'neg': 0.138, 'neu': 0.71, 'pos': 0.152, 'compound': 0.457}
{'neg': 0.113, 'neu': 0.771, 'pos': 0.116, 'compound': -0.1557}
{'neg': 0.011, 'neu': 0.771, 'pos': 0.218, 'compound': 0.9712}
{'neg': 0.034, 'neu': 0.907, 'pos': 0.06, 'compound': 0.2263}
{'neg': 0.114, 'neu': 0.641, 'pos': 0.244, 'compound': 0.6705}
{'neg': 0.066, 'neu': 0.847, 'pos': 0.087, 'compound': 0.2008}
{'neg': 0.06, 'neu': 0.783, 'pos': 0.157, 'compound': 0.4939}
{'neg': 0.096, 'neu': 0.871, 'pos': 0.033, 'compound': -0.5647}
{'neg': 0.0, 'neu': 0.756, 'pos': 0.244, 'compound': 0.7269}
{'neg': 0.342, 'neu': 0.567, 'pos': 0.091, 'compound': -0.7881}
{'neg': 0.106, 'neu': 0.797, 'pos': 0.096, 'compound': -0.0772}
{'neg': 0.135, 'neu': 0.799, 'pos': 0.066, 'compound': -0.4576}
{'neg': 0.165, 'neu': 0.782, 'pos': 0.053, 'compound': -0.8622}
{'neg': 0.18, 'neu': 0.82, 'pos': 0.0, 'compound': -0.8107}
{'neg': 0.054, 'neu': 0.823, 'pos': 0.123, 'compound': 0.7872}
{'neg': 0.084, 'neu': 0.778, 'pos': 0.138, 'compound': 0.8543}
{'neg': 0.057, 'neu': 0.769, 'pos': 0.173, 'compound': 0.9113}
{'neg': 0.0, 'neu': 1.0, 'pos': 0.0, 'compound': 0.0}
{'neg': 0.05, 'neu': 0.783, 'pos': 0.167, 'compound': 0.9651}
{'neg': 0.039, 'neu': 0.841, 'pos': 0.12, 'compound': 0.7231}
{'neg': 0.0, 'neu': 0.773, 'pos': 0.227, 'compound': 0.875}
{'neg': 0.197, 'neu': 0.762, 'pos': 0.041, 'compound': -0.9476}
{'neg': 0.0, 'neu': 0.862, 'pos': 0.138, 'compound': 0.6113}
{'neg': 0.178, 'neu': 0.785, 'pos': 0.037, 'compound': -0.5939}
{'neg': 0.0, 'neu': 0.851, 'pos': 0.149, 'compound': 0.6482}
{'neg': 0.21, 'neu': 0.739, 'pos': 0.051, 'compound': -0.9361}
{'neg': 0.115, 'neu': 0.787, 'pos': 0.098, 'compound': -0.5994}
{'neg': 0.022, 'neu': 0.9, 'pos': 0.079, 'compound': 0.7998}
{'neg': 0.064, 'neu': 0.891, 'pos': 0.045, 'compound': -0.25}
{'neg': 0.044, 'neu': 0.712, 'pos': 0.244, 'compound': 0.9908}
{'neg': 0.023, 'neu': 0.818, 'pos': 0.159, 'compound': 0.9824}
{'neg': 0.131, 'neu': 0.768, 'pos': 0.101, 'compound': -0.2742}
{'neg': 0.041, 'neu': 0.824, 'pos': 0.135, 'compound': 0.9086}
{'neg': 0.065, 'neu': 0.822, 'pos': 0.113, 'compound': 0.699}
{'neg': 0.0, 'neu': 0.855, 'pos': 0.145, 'compound': 0.5994}
{'neg': 0.0, 'neu': 0.632, 'pos': 0.368, 'compound': 0.8885}
{'neg': 0.081, 'neu': 0.919, 'pos': 0.0, 'compound': -0.296}
{'neg': 0.053, 'neu': 0.848, 'pos': 0.099, 'compound': 0.1831}
{'neg': 0.085, 'neu': 0.822, 'pos': 0.094, 'compound': 0.4019}
{'neg': 0.092, 'neu': 0.759, 'pos': 0.15, 'compound': 0.8178}
{'neg': 0.129, 'neu': 0.719, 'pos': 0.152, 'compound': 0.4005}
{'neg': 0.0, 'neu': 0.759, 'pos': 0.241, 'compound': 0.9081}
{'neg': 0.109, 'neu': 0.8, 'pos': 0.092, 'compound': -0.7044}
{'neg': 0.053, 'neu': 0.785, 'pos': 0.162, 'compound': 0.8972}
{'neg': 0.0, 'neu': 0.876, 'pos': 0.124, 'compound': 0.6249}
{'neg': 0.018, 'neu': 0.874, 'pos': 0.108, 'compound': 0.821}
{'neg': 0.031, 'neu': 0.772, 'pos': 0.198, 'compound': 0.9451}
{'neg': 0.04, 'neu': 0.713, 'pos': 0.247, 'compound': 0.9168}
{'neg': 0.032, 'neu': 0.898, 'pos': 0.07, 'compound': 0.3612}
{'neg': 0.0, 'neu': 0.879, 'pos': 0.121, 'compound': 0.5859}
{'neg': 0.06, 'neu': 0.888, 'pos': 0.052, 'compound': -0.1918}
{'neg': 0.103, 'neu': 0.897, 'pos': 0.0, 'compound': -0.34}
{'neg': 0.0, 'neu': 0.709, 'pos': 0.291, 'compound': 0.96}
{'neg': 0.0, 'neu': 0.75, 'pos': 0.25, 'compound': 0.9565}
{'neg': 0.0, 'neu': 0.78, 'pos': 0.22, 'compound': 0.7351}
{'neg': 0.268, 'neu': 0.732, 'pos': 0.0, 'compound': -0.7131}
{'neg': 0.0, 'neu': 0.702, 'pos': 0.298, 'compound': 0.9516}
{'neg': 0.0, 'neu': 0.523, 'pos': 0.477, 'compound': 0.9274}
{'neg': 0.0, 'neu': 0.867, 'pos': 0.133, 'compound': 0.6369}
{'neg': 0.0, 'neu': 0.876, 'pos': 0.124, 'compound': 0.7269}
{'neg': 0.079, 'neu': 0.877, 'pos': 0.044, 'compound': -0.4659}
{'neg': 0.121, 'neu': 0.879, 'pos': 0.0, 'compound': -0.7003}
{'neg': 0.112, 'neu': 0.663, 'pos': 0.225, 'compound': 0.9101}
{'neg': 0.036, 'neu': 0.904, 'pos': 0.059, 'compound': 0.3832}
{'neg': 0.069, 'neu': 0.655, 'pos': 0.276, 'compound': 0.7684}
{'neg': 0.082, 'neu': 0.767, 'pos': 0.151, 'compound': 0.9341}
{'neg': 0.052, 'neu': 0.831, 'pos': 0.117, 'compound': 0.605}
{'neg': 0.0, 'neu': 0.887, 'pos': 0.113, 'compound': 0.7902}
{'neg': 0.0, 'neu': 0.88, 'pos': 0.12, 'compound': 0.7309}
{'neg': 0.0, 'neu': 0.738, 'pos': 0.262, 'compound': 0.9795}
{'neg': 0.033, 'neu': 0.83, 'pos': 0.138, 'compound': 0.7443}
{'neg': 0.017, 'neu': 0.879, 'pos': 0.104, 'compound': 0.7251}
{'neg': 0.065, 'neu': 0.768, 'pos': 0.166, 'compound': 0.7845}
{'neg': 0.084, 'neu': 0.608, 'pos': 0.308, 'compound': 0.7001}
{'neg': 0.0, 'neu': 0.722, 'pos': 0.278, 'compound': 0.8268}
{'neg': 0.03, 'neu': 0.883, 'pos': 0.086, 'compound': 0.7676}
{'neg': 0.027, 'neu': 0.853, 'pos': 0.12, 'compound': 0.5647}
{'neg': 0.0, 'neu': 0.758, 'pos': 0.242, 'compound': 0.9489}
{'neg': 0.058, 'neu': 0.778, 'pos': 0.164, 'compound': 0.8221}
{'neg': 0.0, 'neu': 0.859, 'pos': 0.141, 'compound': 0.9153}
{'neg': 0.0, 'neu': 0.786, 'pos': 0.214, 'compound': 0.9466}
{'neg': 0.133, 'neu': 0.816, 'pos': 0.052, 'compound': -0.5251}
{'neg': 0.0, 'neu': 0.68, 'pos': 0.32, 'compound': 0.8826}
{'neg': 0.128, 'neu': 0.774, 'pos': 0.098, 'compound': 0.0258}
{'neg': 0.169, 'neu': 0.645, 'pos': 0.186, 'compound': 0.188}
{'neg': 0.092, 'neu': 0.822, 'pos': 0.086, 'compound': -0.0516}
{'neg': 0.072, 'neu': 0.879, 'pos': 0.049, 'compound': -0.128}
{'neg': 0.118, 'neu': 0.864, 'pos': 0.018, 'compound': -0.89}
{'neg': 0.037, 'neu': 0.702, 'pos': 0.261, 'compound': 0.9485}
{'neg': 0.296, 'neu': 0.704, 'pos': 0.0, 'compound': -0.9748}
{'neg': 0.057, 'neu': 0.858, 'pos': 0.084, 'compound': 0.5328}
{'neg': 0.19, 'neu': 0.654, 'pos': 0.156, 'compound': -0.1379}
{'neg': 0.054, 'neu': 0.831, 'pos': 0.114, 'compound': 0.6742}
{'neg': 0.034, 'neu': 0.845, 'pos': 0.121, 'compound': 0.947}
{'neg': 0.0, 'neu': 0.776, 'pos': 0.224, 'compound': 0.9325}
{'neg': 0.019, 'neu': 0.886, 'pos': 0.095, 'compound': 0.6486}
{'neg': 0.0, 'neu': 0.837, 'pos': 0.163, 'compound': 0.6249}
{'neg': 0.071, 'neu': 0.759, 'pos': 0.17, 'compound': 0.754}
{'neg': 0.073, 'neu': 0.842, 'pos': 0.085, 'compound': 0.0492}
{'neg': 0.016, 'neu': 0.859, 'pos': 0.125, 'compound': 0.855}
{'neg': 0.095, 'neu': 0.828, 'pos': 0.076, 'compound': -0.3549}
{'neg': 0.035, 'neu': 0.965, 'pos': 0.0, 'compound': -0.1531}
{'neg': 0.06, 'neu': 0.88, 'pos': 0.06, 'compound': 0.4708}
{'neg': 0.067, 'neu': 0.872, 'pos': 0.061, 'compound': -0.0772}
{'neg': 0.0, 'neu': 0.856, 'pos': 0.144, 'compound': 0.7845}
{'neg': 0.262, 'neu': 0.612, 'pos': 0.126, 'compound': -0.9549}
{'neg': 0.19, 'neu': 0.583, 'pos': 0.227, 'compound': 0.3182}
{'neg': 0.08, 'neu': 0.665, 'pos': 0.255, 'compound': 0.9539}
{'neg': 0.051, 'neu': 0.854, 'pos': 0.094, 'compound': 0.7053}
{'neg': 0.063, 'neu': 0.67, 'pos': 0.267, 'compound': 0.936}
{'neg': 0.072, 'neu': 0.703, 'pos': 0.225, 'compound': 0.926}
{'neg': 0.109, 'neu': 0.891, 'pos': 0.0, 'compound': -0.6124}
{'neg': 0.069, 'neu': 0.715, 'pos': 0.217, 'compound': 0.9216}
{'neg': 0.025, 'neu': 0.802, 'pos': 0.173, 'compound': 0.8008}
{'neg': 0.15, 'neu': 0.85, 'pos': 0.0, 'compound': -0.5267}
{'neg': 0.009, 'neu': 0.799, 'pos': 0.191, 'compound': 0.9872}
{'neg': 0.06, 'neu': 0.828, 'pos': 0.112, 'compound': 0.476}
{'neg': 0.0, 'neu': 0.971, 'pos': 0.029, 'compound': 0.2263}
{'neg': 0.0, 'neu': 0.957, 'pos': 0.043, 'compound': 0.4404}
{'neg': 0.076, 'neu': 0.842, 'pos': 0.082, 'compound': -0.34}
{'neg': 0.039, 'neu': 0.805, 'pos': 0.155, 'compound': 0.9509}
{'neg': 0.0, 'neu': 0.952, 'pos': 0.048, 'compound': 0.4118}
{'neg': 0.022, 'neu': 0.804, 'pos': 0.174, 'compound': 0.9302}
{'neg': 0.183, 'neu': 0.785, 'pos': 0.032, 'compound': -0.7433}
{'neg': 0.043, 'neu': 0.771, 'pos': 0.186, 'compound': 0.802}
{'neg': 0.0, 'neu': 0.82, 'pos': 0.18, 'compound': 0.8305}
{'neg': 0.065, 'neu': 0.847, 'pos': 0.088, 'compound': 0.3582}
{'neg': 0.056, 'neu': 0.782, 'pos': 0.161, 'compound': 0.9427}
{'neg': 0.0, 'neu': 0.553, 'pos': 0.447, 'compound': 0.9428}
{'neg': 0.0, 'neu': 0.755, 'pos': 0.245, 'compound': 0.8555}
{'neg': 0.0, 'neu': 0.891, 'pos': 0.109, 'compound': 0.9081}
{'neg': 0.083, 'neu': 0.858, 'pos': 0.06, 'compound': -0.2937}
{'neg': 0.075, 'neu': 0.742, 'pos': 0.183, 'compound': 0.8834}
{'neg': 0.143, 'neu': 0.795, 'pos': 0.062, 'compound': -0.8485}
{'neg': 0.077, 'neu': 0.912, 'pos': 0.011, 'compound': -0.7181}
{'neg': 0.025, 'neu': 0.84, 'pos': 0.135, 'compound': 0.8644}
{'neg': 0.017, 'neu': 0.821, 'pos': 0.161, 'compound': 0.875}
{'neg': 0.14, 'neu': 0.635, 'pos': 0.225, 'compound': 0.8486}
{'neg': 0.0, 'neu': 0.722, 'pos': 0.278, 'compound': 0.9515}
{'neg': 0.07, 'neu': 0.93, 'pos': 0.0, 'compound': -0.6297}
{'neg': 0.171, 'neu': 0.796, 'pos': 0.033, 'compound': -0.8397}
{'neg': 0.0, 'neu': 0.879, 'pos': 0.121, 'compound': 0.765}
{'neg': 0.06, 'neu': 0.841, 'pos': 0.098, 'compound': 0.6249}
{'neg': 0.088, 'neu': 0.673, 'pos': 0.239, 'compound': 0.6675}
{'neg': 0.172, 'neu': 0.788, 'pos': 0.04, 'compound': -0.9211}
{'neg': 0.047, 'neu': 0.895, 'pos': 0.058, 'compound': 0.1217}
{'neg': 0.023, 'neu': 0.804, 'pos': 0.173, 'compound': 0.8925}
{'neg': 0.135, 'neu': 0.865, 'pos': 0.0, 'compound': -0.3465}
{'neg': 0.076, 'neu': 0.839, 'pos': 0.085, 'compound': 0.5006}
{'neg': 0.07, 'neu': 0.799, 'pos': 0.131, 'compound': 0.6487}
{'neg': 0.129, 'neu': 0.871, 'pos': 0.0, 'compound': -0.5719}
{'neg': 0.112, 'neu': 0.831, 'pos': 0.057, 'compound': -0.5279}
{'neg': 0.152, 'neu': 0.767, 'pos': 0.081, 'compound': -0.7163}
{'neg': 0.033, 'neu': 0.818, 'pos': 0.149, 'compound': 0.9124}
{'neg': 0.074, 'neu': 0.836, 'pos': 0.09, 'compound': 0.2654}
{'neg': 0.042, 'neu': 0.783, 'pos': 0.175, 'compound': 0.9275}
{'neg': 0.095, 'neu': 0.867, 'pos': 0.038, 'compound': -0.8565}
{'neg': 0.066, 'neu': 0.893, 'pos': 0.042, 'compound': -0.6492}
{'neg': 0.176, 'neu': 0.779, 'pos': 0.045, 'compound': -0.9539}
{'neg': 0.0, 'neu': 0.909, 'pos': 0.091, 'compound': 0.7351}
{'neg': 0.016, 'neu': 0.692, 'pos': 0.292, 'compound': 0.9836}
{'neg': 0.212, 'neu': 0.788, 'pos': 0.0, 'compound': -0.6377}
{'neg': 0.118, 'neu': 0.882, 'pos': 0.0, 'compound': -0.6705}
{'neg': 0.0, 'neu': 0.896, 'pos': 0.104, 'compound': 0.4404}
{'neg': 0.0, 'neu': 0.968, 'pos': 0.032, 'compound': 0.2263}
{'neg': 0.0, 'neu': 0.707, 'pos': 0.293, 'compound': 0.8271}
{'neg': 0.022, 'neu': 0.814, 'pos': 0.164, 'compound': 0.8225}
{'neg': 0.094, 'neu': 0.837, 'pos': 0.069, 'compound': -0.0183}
{'neg': 0.184, 'neu': 0.735, 'pos': 0.082, 'compound': -0.8573}
{'neg': 0.0, 'neu': 0.551, 'pos': 0.449, 'compound': 0.948}
{'neg': 0.0, 'neu': 0.871, 'pos': 0.129, 'compound': 0.8658}
{'neg': 0.177, 'neu': 0.741, 'pos': 0.082, 'compound': -0.5994}
{'neg': 0.065, 'neu': 0.784, 'pos': 0.15, 'compound': 0.857}
{'neg': 0.009, 'neu': 0.756, 'pos': 0.235, 'compound': 0.9895}
{'neg': 0.043, 'neu': 0.796, 'pos': 0.161, 'compound': 0.9666}
{'neg': 0.0, 'neu': 0.765, 'pos': 0.235, 'compound': 0.926}
{'neg': 0.095, 'neu': 0.905, 'pos': 0.0, 'compound': -0.3412}
{'neg': 0.051, 'neu': 0.587, 'pos': 0.362, 'compound': 0.913}
{'neg': 0.017, 'neu': 0.785, 'pos': 0.198, 'compound': 0.9523}
{'neg': 0.23, 'neu': 0.631, 'pos': 0.139, 'compound': -0.6661}
{'neg': 0.07, 'neu': 0.855, 'pos': 0.075, 'compound': 0.0516}
{'neg': 0.053, 'neu': 0.905, 'pos': 0.042, 'compound': -0.317}
{'neg': 0.085, 'neu': 0.827, 'pos': 0.088, 'compound': 0.079}
{'neg': 0.163, 'neu': 0.694, 'pos': 0.143, 'compound': -0.3208}
{'neg': 0.097, 'neu': 0.486, 'pos': 0.417, 'compound': 0.8481}
{'neg': 0.0, 'neu': 0.809, 'pos': 0.191, 'compound': 0.6369}
{'neg': 0.062, 'neu': 0.822, 'pos': 0.116, 'compound': 0.34}
{'neg': 0.171, 'neu': 0.8, 'pos': 0.029, 'compound': -0.9373}
{'neg': 0.165, 'neu': 0.64, 'pos': 0.195, 'compound': 0.2561}
{'neg': 0.179, 'neu': 0.821, 'pos': 0.0, 'compound': -0.5423}
{'neg': 0.0, 'neu': 0.589, 'pos': 0.411, 'compound': 0.4201}
{'neg': 0.1, 'neu': 0.837, 'pos': 0.063, 'compound': -0.2867}
{'neg': 0.083, 'neu': 0.849, 'pos': 0.068, 'compound': -0.2398}
{'neg': 0.012, 'neu': 0.839, 'pos': 0.149, 'compound': 0.9636}
{'neg': 0.082, 'neu': 0.724, 'pos': 0.194, 'compound': 0.836}
{'neg': 0.131, 'neu': 0.819, 'pos': 0.05, 'compound': -0.5859}
{'neg': 0.044, 'neu': 0.74, 'pos': 0.216, 'compound': 0.9042}
{'neg': 0.057, 'neu': 0.851, 'pos': 0.092, 'compound': 0.6218}
{'neg': 0.069, 'neu': 0.806, 'pos': 0.125, 'compound': 0.6573}
{'neg': 0.105, 'neu': 0.869, 'pos': 0.026, 'compound': -0.5256}
{'neg': 0.074, 'neu': 0.747, 'pos': 0.179, 'compound': 0.8825}
{'neg': 0.093, 'neu': 0.727, 'pos': 0.18, 'compound': 0.907}
{'neg': 0.27, 'neu': 0.73, 'pos': 0.0, 'compound': -0.9042}
{'neg': 0.0, 'neu': 0.426, 'pos': 0.574, 'compound': 0.9839}
{'neg': 0.121, 'neu': 0.74, 'pos': 0.139, 'compound': 0.3707}
{'neg': 0.165, 'neu': 0.73, 'pos': 0.105, 'compound': -0.4588}
{'neg': 0.18, 'neu': 0.82, 'pos': 0.0, 'compound': -0.6453}
{'neg': 0.043, 'neu': 0.782, 'pos': 0.175, 'compound': 0.7499}
{'neg': 0.157, 'neu': 0.75, 'pos': 0.093, 'compound': -0.3521}
{'neg': 0.0, 'neu': 0.694, 'pos': 0.306, 'compound': 0.8901}
{'neg': 0.102, 'neu': 0.788, 'pos': 0.11, 'compound': 0.1531}
{'neg': 0.084, 'neu': 0.801, 'pos': 0.115, 'compound': 0.8577}
{'neg': 0.08, 'neu': 0.896, 'pos': 0.025, 'compound': -0.5106}
{'neg': 0.03, 'neu': 0.9, 'pos': 0.07, 'compound': 0.3818}
{'neg': 0.077, 'neu': 0.708, 'pos': 0.215, 'compound': 0.9285}
{'neg': 0.076, 'neu': 0.803, 'pos': 0.121, 'compound': 0.6738}
{'neg': 0.097, 'neu': 0.763, 'pos': 0.139, 'compound': 0.6992}
{'neg': 0.0, 'neu': 0.802, 'pos': 0.198, 'compound': 0.7684}
{'neg': 0.092, 'neu': 0.858, 'pos': 0.05, 'compound': -0.649}
{'neg': 0.071, 'neu': 0.828, 'pos': 0.102, 'compound': 0.8045}
{'neg': 0.052, 'neu': 0.835, 'pos': 0.113, 'compound': 0.4767}
{'neg': 0.017, 'neu': 0.777, 'pos': 0.206, 'compound': 0.9305}
{'neg': 0.098, 'neu': 0.808, 'pos': 0.094, 'compound': -0.0258}
{'neg': 0.099, 'neu': 0.854, 'pos': 0.047, 'compound': -0.1548}
{'neg': 0.0, 'neu': 0.914, 'pos': 0.086, 'compound': 0.8591}
{'neg': 0.0, 'neu': 0.749, 'pos': 0.251, 'compound': 0.855}
{'neg': 0.063, 'neu': 0.842, 'pos': 0.095, 'compound': 0.5719}
{'neg': 0.0, 'neu': 0.901, 'pos': 0.099, 'compound': 0.3182}
{'neg': 0.048, 'neu': 0.813, 'pos': 0.138, 'compound': 0.9428}
{'neg': 0.063, 'neu': 0.736, 'pos': 0.201, 'compound': 0.8794}
{'neg': 0.099, 'neu': 0.747, 'pos': 0.154, 'compound': 0.775}
{'neg': 0.089, 'neu': 0.8, 'pos': 0.111, 'compound': 0.5267}
{'neg': 0.074, 'neu': 0.756, 'pos': 0.17, 'compound': 0.7584}
{'neg': 0.079, 'neu': 0.811, 'pos': 0.11, 'compound': 0.5692}
{'neg': 0.012, 'neu': 0.764, 'pos': 0.224, 'compound': 0.9771}
{'neg': 0.066, 'neu': 0.878, 'pos': 0.055, 'compound': -0.12}
{'neg': 0.075, 'neu': 0.847, 'pos': 0.078, 'compound': 0.1531}
{'neg': 0.269, 'neu': 0.641, 'pos': 0.091, 'compound': -0.875}
{'neg': 0.1, 'neu': 0.637, 'pos': 0.263, 'compound': 0.8014}
{'neg': 0.095, 'neu': 0.871, 'pos': 0.034, 'compound': -0.6486}
{'neg': 0.177, 'neu': 0.554, 'pos': 0.268, 'compound': 0.4767}
{'neg': 0.017, 'neu': 0.876, 'pos': 0.107, 'compound': 0.8176}
{'neg': 0.162, 'neu': 0.789, 'pos': 0.049, 'compound': -0.9287}
{'neg': 0.103, 'neu': 0.746, 'pos': 0.151, 'compound': 0.802}
{'neg': 0.104, 'neu': 0.791, 'pos': 0.105, 'compound': -0.2144}
{'neg': 0.1, 'neu': 0.83, 'pos': 0.07, 'compound': -0.7437}
{'neg': 0.027, 'neu': 0.858, 'pos': 0.115, 'compound': 0.8621}
{'neg': 0.0, 'neu': 0.615, 'pos': 0.385, 'compound': 0.9165}
{'neg': 0.0, 'neu': 0.861, 'pos': 0.139, 'compound': 0.6369}
