Polarity_result
0.074,0.744,0.182,0.9264
0.046,0.809,0.145,0.8867
0.0,0.831,0.169,0.8402
0.0,0.903,0.097,0.4404
0.11,0.758,0.131,0.5599
0.13,0.758,0.112,-0.3506
0.162,0.678,0.16,-0.0638
0.15,0.788,0.062,-0.4273
0.141,0.772,0.088,-0.5423
0.0,0.866,0.134,0.9647
0.0,0.862,0.138,0.6486
0.0,0.799,0.201,0.6486
0.052,0.892,0.056,0.1207
0.0,0.82,0.18,0.9704
0.0,0.921,0.079,0.2263
0.055,0.89,0.054,-0.036
0.097,0.696,0.207,0.9438
0.0,0.812,0.188,0.9062
0.0,0.619,0.381,0.9371
0.147,0.853,0.0,-0.3804
0.0,0.907,0.093,0.4973
0.027,0.842,0.131,0.7264
0.0,0.678,0.322,0.8588
0.074,0.812,0.115,0.8402
0.05,0.818,0.132,0.4767
0.027,0.886,0.087,0.5137
0.0,0.945,0.055,0.5672
0.05,0.866,0.084,0.296
0.073,0.794,0.133,0.5833
0.045,0.728,0.227,0.926
0.064,0.854,0.082,-0.0772
0.023,0.704,0.273,0.9911
0.0,0.779,0.221,0.9274
0.062,0.734,0.204,0.7351
0.023,0.952,0.025,0.0387
0.022,0.855,0.122,0.8221
0.091,0.909,0.0,-0.3222
0.0,0.844,0.156,0.9246
0.142,0.776,0.083,-0.8468
0.0,1.0,0.0,0.0
0.037,0.86,0.103,0.8268
0.052,0.692,0.255,0.9766
0.17,0.534,0.296,0.3794
0.017,0.87,0.114,0.8648
0.114,0.802,0.084,-0.5713
0.167,0.764,0.069,-0.9621
0.069,0.906,0.025,-0.6197
0.019,0.862,0.119,0.8148
0.089,0.838,0.074,-0.6837
0.222,0.708,0.071,-0.7502
0.03,0.809,0.161,0.9011
0.156,0.741,0.103,-0.8326
0.053,0.863,0.084,0.6249
0.0,0.923,0.077,0.1285
0.121,0.71,0.169,0.8377
0.0,0.736,0.264,0.902
0.068,0.794,0.138,0.6155
0.0,0.889,0.111,0.25
0.0,0.948,0.052,0.3182
0.187,0.701,0.112,-0.9134
0.046,0.753,0.202,0.9837
0.034,0.834,0.132,0.8442
0.127,0.723,0.15,0.6275
0.139,0.796,0.065,-0.7757
0.031,0.752,0.218,0.9284
0.046,0.811,0.143,0.9133
0.013,0.88,0.107,0.8723
0.048,0.673,0.279,0.8854
0.041,0.83,0.129,0.7912
0.109,0.891,0.0,-0.296
0.103,0.873,0.024,-0.8609
0.023,0.951,0.026,-0.0897
0.031,0.923,0.045,0.2272
0.164,0.776,0.061,-0.8728
0.107,0.795,0.098,-0.6258
0.042,0.911,0.046,0.1272
0.126,0.8,0.074,-0.8472
0.029,0.945,0.026,-0.0772
0.0,0.712,0.288,0.8591
0.095,0.802,0.103,0.0516
0.0,0.838,0.162,0.9041
0.08,0.92,0.0,-0.2732
0.288,0.647,0.064,-0.9845
0.084,0.758,0.158,0.3259
0.051,0.746,0.203,0.7991
0.09,0.855,0.055,-0.5182
0.0,0.877,0.123,0.4215
0.023,0.76,0.217,0.9491
0.05,0.824,0.126,0.5789
0.146,0.732,0.122,-0.4215
0.082,0.918,0.0,-0.431
0.0,0.963,0.037,0.5182
0.179,0.674,0.148,-0.1779
0.068,0.836,0.096,0.7184
0.154,0.768,0.078,-0.8814
0.222,0.689,0.088,-0.8519
0.162,0.838,0.0,-0.4717
0.0,0.857,0.143,0.3612
0.139,0.681,0.18,0.4703
0.0,0.857,0.143,0.7184
0.148,0.757,0.095,-0.38
0.097,0.746,0.157,0.4601
0.057,0.787,0.155,0.8564
0.174,0.734,0.091,-0.8454
0.072,0.599,0.329,0.8219
0.084,0.842,0.074,-0.0788
0.062,0.712,0.226,0.9318
0.095,0.785,0.12,0.4416
0.036,0.666,0.298,0.9871
0.051,0.818,0.131,0.9562
0.0,0.797,0.203,0.801
0.06,0.823,0.116,0.8535
0.23,0.626,0.144,-0.2542
0.026,0.79,0.184,0.8855
0.125,0.637,0.238,0.9615
0.115,0.885,0.0,-0.296
0.087,0.811,0.102,0.2263
0.0,0.832,0.168,0.6653
0.0,0.618,0.382,0.9186
0.0,0.784,0.216,0.765
0.134,0.755,0.111,-0.5143
0.084,0.693,0.223,0.9378
0.0,0.628,0.372,0.7964
0.0,0.873,0.127,0.9638
0.0,0.701,0.299,0.8689
0.0,0.775,0.225,0.7902
0.0,0.652,0.348,0.9967
0.0,0.832,0.168,0.8442
0.21,0.79,0.0,-0.3947
0.319,0.643,0.038,-0.9104
0.085,0.696,0.218,0.8842
0.049,0.838,0.113,0.8647
0.021,0.852,0.127,0.8036
0.025,0.905,0.07,0.4576
0.023,0.806,0.172,0.859
0.086,0.914,0.0,-0.25
0.031,0.935,0.033,0.0516
0.0,0.576,0.424,0.8834
0.209,0.744,0.047,-0.7096
0.087,0.871,0.043,-0.659
0.0,0.923,0.077,0.5301
0.086,0.749,0.164,0.8858
0.0,0.938,0.062,0.4939
0.0,1.0,0.0,0.0
0.084,0.833,0.083,-0.0168
0.028,0.892,0.08,0.4588
0.104,0.896,0.0,-0.5994
0.034,0.852,0.114,0.8528
0.0,1.0,0.0,0.0
0.171,0.768,0.06,-0.5377
0.068,0.849,0.083,0.1635
0.0,0.874,0.126,0.928
0.0,0.872,0.128,0.4767
0.027,0.716,0.257,0.9418
0.0,1.0,0.0,0.0
0.0,0.854,0.146,0.8689
0.0,0.855,0.145,0.8943
0.061,0.802,0.138,0.9476
0.018,0.772,0.21,0.9621
0.0,0.944,0.056,0.1406
0.031,0.682,0.287,0.9595
0.056,0.711,0.233,0.9916
0.059,0.791,0.15,0.9416
0.074,0.823,0.102,0.2617
0.13,0.648,0.222,0.5719
0.0,0.651,0.349,0.9657
0.237,0.721,0.042,-0.9824
0.199,0.723,0.078,-0.8004
0.01,0.75,0.24,0.9858
0.0,0.578,0.422,0.8591
0.0,0.919,0.081,0.5563
0.061,0.818,0.121,0.6076
0.12,0.784,0.096,-0.274
0.096,0.818,0.086,-0.2165
0.072,0.74,0.188,0.875
0.038,0.86,0.102,0.6808
0.0,0.626,0.374,0.9729
0.0,0.799,0.201,0.93
0.174,0.695,0.131,-0.524
0.092,0.857,0.051,-0.1096
0.094,0.857,0.049,-0.4515
0.021,0.77,0.209,0.9912
0.143,0.857,0.0,-0.7893
0.0,0.782,0.218,0.9325
0.0,0.779,0.221,0.7964
0.0,0.64,0.36,0.8612
0.071,0.797,0.132,0.5729
0.0,0.652,0.348,0.9741
0.05,0.847,0.103,0.6124
0.031,0.91,0.06,0.5574
0.086,0.872,0.042,-0.4621
0.035,0.844,0.121,0.8798
0.039,0.864,0.097,0.7507
0.013,0.904,0.083,0.8957
0.154,0.729,0.117,-0.4215
0.0,0.888,0.112,0.3962
0.087,0.786,0.127,0.2263
0.0,0.809,0.191,0.872
0.0,1.0,0.0,0.0
0.066,0.783,0.152,0.7206
0.097,0.881,0.022,-0.91
0.193,0.732,0.075,-0.7863
0.045,0.955,0.0,-0.3241
0.057,0.417,0.527,0.9501
0.019,0.708,0.273,0.9781
0.016,0.763,0.221,0.9791
0.109,0.835,0.056,-0.6478
0.143,0.857,0.0,-0.612
0.011,0.749,0.241,0.9771
0.0,0.713,0.287,0.7806
0.164,0.791,0.046,-0.777
0.027,0.625,0.348,0.9469
0.102,0.803,0.096,-0.0498
0.042,0.793,0.165,0.8118
0.0,0.93,0.07,0.846
0.0,1.0,0.0,0.0
0.075,0.806,0.119,0.6801
0.071,0.846,0.083,0.2975
0.19,0.758,0.052,-0.7326
0.095,0.779,0.126,0.1779
0.019,0.752,0.229,0.9656
0.187,0.813,0.0,-0.8689
0.06,0.755,0.186,0.6133
0.0,0.793,0.207,0.9423
0.035,0.847,0.118,0.7354
0.0,1.0,0.0,0.0
0.093,0.766,0.141,0.279
0.035,0.763,0.202,0.9224
0.0,0.802,0.198,0.8842
0.144,0.77,0.087,-0.6066
0.044,0.837,0.119,0.9115
0.1,0.859,0.041,-0.5785
0.0,0.881,0.119,0.4939
0.052,0.731,0.217,0.936
0.018,0.883,0.099,0.9099
0.009,0.855,0.136,0.9519
0.0,0.81,0.19,0.8934
0.024,0.835,0.14,0.9337
0.069,0.838,0.093,0.3453
0.0,0.751,0.249,0.8516
0.0,0.498,0.502,0.9337
0.0,0.827,0.173,0.8979
0.061,0.845,0.094,0.5413
0.02,0.773,0.208,0.9366
0.097,0.747,0.157,0.2878
0.142,0.728,0.13,-0.2692
0.081,0.827,0.093,0.2062
0.014,0.828,0.158,0.9741
0.043,0.855,0.102,0.735
0.175,0.696,0.129,-0.6258
0.139,0.689,0.172,0.6057
0.0,0.803,0.197,0.9666
0.0,0.864,0.136,0.7845
0.127,0.822,0.051,-0.8055
0.073,0.856,0.07,0.1872
0.061,0.909,0.03,-0.2654
0.067,0.874,0.058,-0.34
0.148,0.794,0.058,-0.9555
0.151,0.675,0.175,0.7259
0.165,0.808,0.027,-0.9235
0.065,0.749,0.186,0.8979
0.158,0.723,0.119,-0.4588
0.113,0.634,0.254,0.7184
0.0,0.794,0.206,0.9125
0.104,0.896,0.0,-0.5023
0.014,0.797,0.189,0.9788
0.028,0.828,0.143,0.7717
0.072,0.879,0.049,-0.1027
0.117,0.772,0.111,0.011
0.121,0.752,0.127,0.139
0.074,0.833,0.093,0.4437
0.057,0.837,0.105,0.2732
0.133,0.797,0.069,-0.7308
0.034,0.598,0.367,0.9732
0.022,0.78,0.198,0.9538
0.047,0.694,0.259,0.8858
0.059,0.586,0.355,0.8907
0.072,0.815,0.113,0.3182
0.049,0.784,0.167,0.7783
0.065,0.784,0.151,0.714
0.245,0.649,0.106,-0.7717
0.179,0.65,0.171,-0.1372
0.098,0.784,0.118,0.1779
0.0,1.0,0.0,0.0
0.056,0.781,0.164,0.9494
0.037,0.744,0.219,0.982
0.045,0.955,0.0,-0.3883
0.074,0.888,0.038,-0.8042
0.052,0.845,0.103,0.743
0.101,0.817,0.082,-0.3626
0.087,0.806,0.107,0.2516
0.0,0.89,0.11,0.8352
0.2,0.77,0.029,-0.8567
0.095,0.784,0.122,0.4286
0.136,0.864,0.0,-0.6249
0.3,0.568,0.132,-0.951
0.069,0.796,0.134,0.6133
0.0,1.0,0.0,0.0
0.04,0.696,0.264,0.9039
0.075,0.778,0.147,0.6147
0.017,0.737,0.245,0.9909
0.356,0.644,0.0,-0.93
0.136,0.807,0.057,-0.4854
0.037,0.926,0.036,-0.01
0.0,0.905,0.095,0.6369
0.065,0.701,0.234,0.9854
0.029,0.793,0.179,0.9687
0.084,0.759,0.158,0.6805
0.0,0.812,0.188,0.5719
0.039,0.843,0.118,0.743
0.13,0.705,0.165,0.2263
0.087,0.785,0.128,0.5234
0.0,0.853,0.147,0.6908
0.03,0.806,0.164,0.9371
0.016,0.85,0.134,0.9559
0.0,0.772,0.228,0.8858
0.043,0.79,0.167,0.9543
0.112,0.824,0.065,-0.3657
0.019,0.83,0.151,0.9445
0.078,0.922,0.0,-0.296
0.166,0.79,0.045,-0.7843
0.112,0.848,0.039,-0.5267
0.068,0.802,0.13,0.868
0.199,0.627,0.174,-0.1779
0.0,0.741,0.259,0.8687
0.038,0.699,0.262,0.9153
0.0,0.471,0.529,0.9735
0.0,0.671,0.329,0.8685
0.143,0.738,0.119,-0.5912
0.136,0.792,0.072,-0.3257
0.138,0.766,0.096,-0.4927
0.074,0.873,0.053,-0.5187
0.083,0.679,0.239,0.7357
0.103,0.645,0.252,0.9015
0.066,0.797,0.137,0.3806
0.035,0.832,0.132,0.9402
0.188,0.769,0.042,-0.937
0.136,0.864,0.0,-0.7626
0.078,0.84,0.083,0.2238
0.0,0.782,0.218,0.7506
0.076,0.763,0.161,0.4961
0.071,0.777,0.152,0.8592
0.0,0.799,0.201,0.9022
0.0,0.712,0.288,0.8519
0.037,0.948,0.014,-0.4027
0.039,0.812,0.149,0.8658
0.137,0.826,0.038,-0.9527
0.0,0.779,0.221,0.6597
0.016,0.782,0.202,0.9835
0.181,0.819,0.0,-0.5964
0.0,0.842,0.158,0.5324
0.065,0.7,0.235,0.987
0.172,0.758,0.071,-0.6124
0.128,0.754,0.119,-0.228
0.106,0.868,0.026,-0.9042
0.0,0.603,0.397,0.9476
0.079,0.67,0.25,0.9505
0.124,0.855,0.021,-0.9482
0.064,0.89,0.046,-0.5667
0.063,0.773,0.164,0.872
0.043,0.887,0.07,0.2023
0.101,0.745,0.154,0.25
0.112,0.764,0.124,0.2378
0.166,0.656,0.178,0.1027
0.105,0.76,0.135,0.648
0.143,0.857,0.0,-0.9217
0.121,0.862,0.016,-0.7684
0.102,0.753,0.145,0.6908
0.071,0.835,0.094,0.2792
0.061,0.855,0.084,0.5859
0.0,0.82,0.18,0.9503
0.11,0.864,0.026,-0.7007
0.0,0.783,0.217,0.923
0.102,0.772,0.127,0.2023
0.166,0.624,0.209,0.9491
0.0,0.748,0.252,0.9894
0.0,0.719,0.281,0.8481
0.087,0.762,0.151,0.7687
0.049,0.852,0.098,0.4588
0.116,0.775,0.11,0.0772
0.095,0.583,0.322,0.9729
0.0,0.816,0.184,0.7906
0.0,0.877,0.123,0.5994
0.0,0.674,0.326,0.9674
0.03,0.79,0.18,0.9812
0.0,0.804,0.196,0.6573
0.051,0.847,0.102,0.4019
0.178,0.743,0.079,-0.8897
0.103,0.848,0.048,-0.4956
0.0,0.702,0.298,0.714
0.116,0.748,0.136,-0.0763
0.048,0.881,0.071,0.2969
0.02,0.86,0.12,0.8542
0.06,0.684,0.256,0.9258
0.138,0.71,0.152,0.457
0.113,0.771,0.116,-0.1557
0.011,0.771,0.218,0.9712
0.034,0.907,0.06,0.2263
0.114,0.641,0.244,0.6705
0.066,0.847,0.087,0.2008
0.06,0.783,0.157,0.4939
0.096,0.871,0.033,-0.5647
0.0,0.756,0.244,0.7269
0.342,0.567,0.091,-0.7881
0.106,0.797,0.096,-0.0772
0.135,0.799,0.066,-0.4576
0.165,0.782,0.053,-0.8622
0.18,0.82,0.0,-0.8107
0.054,0.823,0.123,0.7872
0.084,0.778,0.138,0.8543
0.057,0.769,0.173,0.9113
0.0,1.0,0.0,0.0
0.05,0.783,0.167,0.9651
0.039,0.841,0.12,0.7231
0.0,0.773,0.227,0.875
0.197,0.762,0.041,-0.9476
0.0,0.862,0.138,0.6113
0.178,0.785,0.037,-0.5939
0.0,0.851,0.149,0.6482
0.21,0.739,0.051,-0.9361
0.115,0.787,0.098,-0.5994
0.022,0.9,0.079,0.7998
0.064,0.891,0.045,-0.25
0.044,0.712,0.244,0.9908
0.023,0.818,0.159,0.9824
0.131,0.768,0.101,-0.2742
0.041,0.824,0.135,0.9086
0.065,0.822,0.113,0.699
0.0,0.855,0.145,0.5994
0.0,0.632,0.368,0.8885
0.081,0.919,0.0,-0.296
0.053,0.848,0.099,0.1831
0.085,0.822,0.094,0.4019
0.092,0.759,0.15,0.8178
0.129,0.719,0.152,0.4005
0.0,0.759,0.241,0.9081
0.109,0.8,0.092,-0.7044
0.053,0.785,0.162,0.8972
0.0,0.876,0.124,0.6249
0.018,0.874,0.108,0.821
0.031,0.772,0.198,0.9451
0.04,0.713,0.247,0.9168
0.032,0.898,0.07,0.3612
0.0,0.879,0.121,0.5859
0.06,0.888,0.052,-0.1918
0.103,0.897,0.0,-0.34
0.0,0.709,0.291,0.96
0.0,0.75,0.25,0.9565
0.0,0.78,0.22,0.7351
0.268,0.732,0.0,-0.7131
0.0,0.702,0.298,0.9516
0.0,0.523,0.477,0.9274
0.0,0.867,0.133,0.6369
0.0,0.876,0.124,0.7269
0.079,0.877,0.044,-0.4659
0.121,0.879,0.0,-0.7003
0.112,0.663,0.225,0.9101
0.036,0.904,0.059,0.3832
0.069,0.655,0.276,0.7684
0.082,0.767,0.151,0.9341
0.052,0.831,0.117,0.605
0.0,0.887,0.113,0.7902
0.0,0.88,0.12,0.7309
0.0,0.738,0.262,0.9795
0.033,0.83,0.138,0.7443
0.017,0.879,0.104,0.7251
0.065,0.768,0.166,0.7845
0.084,0.608,0.308,0.7001
0.0,0.722,0.278,0.8268
0.03,0.883,0.086,0.7676
0.027,0.853,0.12,0.5647
0.0,0.758,0.242,0.9489
0.058,0.778,0.164,0.8221
0.0,0.859,0.141,0.9153
0.0,0.786,0.214,0.9466
0.133,0.816,0.052,-0.5251
0.0,0.68,0.32,0.8826
0.128,0.774,0.098,0.0258
0.169,0.645,0.186,0.188
0.092,0.822,0.086,-0.0516
0.072,0.879,0.049,-0.128
0.118,0.864,0.018,-0.89
0.037,0.702,0.261,0.9485
0.296,0.704,0.0,-0.9748
0.057,0.858,0.084,0.5328
0.19,0.654,0.156,-0.1379
0.054,0.831,0.114,0.6742
0.034,0.845,0.121,0.947
0.0,0.776,0.224,0.9325
0.019,0.886,0.095,0.6486
0.0,0.837,0.163,0.6249
0.071,0.759,0.17,0.754
0.073,0.842,0.085,0.0492
0.016,0.859,0.125,0.855
0.095,0.828,0.076,-0.3549
0.035,0.965,0.0,-0.1531
0.06,0.88,0.06,0.4708
0.067,0.872,0.061,-0.0772
0.0,0.856,0.144,0.7845
0.262,0.612,0.126,-0.9549
0.19,0.583,0.227,0.3182
0.08,0.665,0.255,0.9539
0.051,0.854,0.094,0.7053
0.063,0.67,0.267,0.936
0.072,0.703,0.225,0.926
0.109,0.891,0.0,-0.6124
0.069,0.715,0.217,0.9216
0.025,0.802,0.173,0.8008
0.15,0.85,0.0,-0.5267
0.009,0.799,0.191,0.9872
0.06,0.828,0.112,0.476
0.0,0.971,0.029,0.2263
0.0,0.957,0.043,0.4404
0.076,0.842,0.082,-0.34
0.039,0.805,0.155,0.9509
0.0,0.952,0.048,0.4118
0.022,0.804,0.174,0.9302
0.183,0.785,0.032,-0.7433
0.043,0.771,0.186,0.802
0.0,0.82,0.18,0.8305
0.065,0.847,0.088,0.3582
0.056,0.782,0.161,0.9427
0.0,0.553,0.447,0.9428
0.0,0.755,0.245,0.8555
0.0,0.891,0.109,0.9081
0.083,0.858,0.06,-0.2937
0.075,0.742,0.183,0.8834
0.143,0.795,0.062,-0.8485
0.077,0.912,0.011,-0.7181
0.025,0.84,0.135,0.8644
0.017,0.821,0.161,0.875
0.14,0.635,0.225,0.8486
0.0,0.722,0.278,0.9515
0.07,0.93,0.0,-0.6297
0.171,0.796,0.033,-0.8397
0.0,0.879,0.121,0.765
0.06,0.841,0.098,0.6249
0.088,0.673,0.239,0.6675
0.172,0.788,0.04,-0.9211
0.047,0.895,0.058,0.1217
0.023,0.804,0.173,0.8925
0.135,0.865,0.0,-0.3465
0.076,0.839,0.085,0.5006
0.07,0.799,0.131,0.6487
0.129,0.871,0.0,-0.5719
0.112,0.831,0.057,-0.5279
0.152,0.767,0.081,-0.7163
0.033,0.818,0.149,0.9124
0.074,0.836,0.09,0.2654
0.042,0.783,0.175,0.9275
0.095,0.867,0.038,-0.8565
0.066,0.893,0.042,-0.6492
0.176,0.779,0.045,-0.9539
0.0,0.909,0.091,0.7351
0.016,0.692,0.292,0.9836
0.212,0.788,0.0,-0.6377
0.118,0.882,0.0,-0.6705
0.0,0.896,0.104,0.4404
0.0,0.968,0.032,0.2263
0.0,0.707,0.293,0.8271
0.022,0.814,0.164,0.8225
0.094,0.837,0.069,-0.0183
0.184,0.735,0.082,-0.8573
0.0,0.551,0.449,0.948
0.0,0.871,0.129,0.8658
0.177,0.741,0.082,-0.5994
0.065,0.784,0.15,0.857
0.009,0.756,0.235,0.9895
0.043,0.796,0.161,0.9666
0.0,0.765,0.235,0.926
0.095,0.905,0.0,-0.3412
0.051,0.587,0.362,0.913
0.017,0.785,0.198,0.9523
0.23,0.631,0.139,-0.6661
0.07,0.855,0.075,0.0516
0.053,0.905,0.042,-0.317
0.085,0.827,0.088,0.079
0.163,0.694,0.143,-0.3208
0.097,0.486,0.417,0.8481
0.0,0.809,0.191,0.6369
0.062,0.822,0.116,0.34
0.171,0.8,0.029,-0.9373
0.165,0.64,0.195,0.2561
0.179,0.821,0.0,-0.5423
0.0,0.589,0.411,0.4201
0.1,0.837,0.063,-0.2867
0.083,0.849,0.068,-0.2398
0.012,0.839,0.149,0.9636
0.082,0.724,0.194,0.836
0.131,0.819,0.05,-0.5859
0.044,0.74,0.216,0.9042
0.057,0.851,0.092,0.6218
0.069,0.806,0.125,0.6573
0.105,0.869,0.026,-0.5256
0.074,0.747,0.179,0.8825
0.093,0.727,0.18,0.907
0.27,0.73,0.0,-0.9042
0.0,0.426,0.574,0.9839
0.121,0.74,0.139,0.3707
0.165,0.73,0.105,-0.4588
0.18,0.82,0.0,-0.6453
0.043,0.782,0.175,0.7499
0.157,0.75,0.093,-0.3521
0.0,0.694,0.306,0.8901
0.102,0.788,0.11,0.1531
0.084,0.801,0.115,0.8577
0.08,0.896,0.025,-0.5106
0.03,0.9,0.07,0.3818
0.077,0.708,0.215,0.9285
0.076,0.803,0.121,0.6738
0.097,0.763,0.139,0.6992
0.0,0.802,0.198,0.7684
0.092,0.858,0.05,-0.649
0.071,0.828,0.102,0.8045
0.052,0.835,0.113,0.4767
0.017,0.777,0.206,0.9305
0.098,0.808,0.094,-0.0258
0.099,0.854,0.047,-0.1548
0.0,0.914,0.086,0.8591
0.0,0.749,0.251,0.855
0.063,0.842,0.095,0.5719
0.0,0.901,0.099,0.3182
0.048,0.813,0.138,0.9428
0.063,0.736,0.201,0.8794
0.099,0.747,0.154,0.775
0.089,0.8,0.111,0.5267
0.074,0.756,0.17,0.7584
0.079,0.811,0.11,0.5692
0.012,0.764,0.224,0.9771
0.066,0.878,0.055,-0.12
0.075,0.847,0.078,0.1531
0.269,0.641,0.091,-0.875
0.1,0.637,0.263,0.8014
0.095,0.871,0.034,-0.6486
0.177,0.554,0.268,0.4767
0.017,0.876,0.107,0.8176
0.162,0.789,0.049,-0.9287
0.103,0.746,0.151,0.802
0.104,0.791,0.105,-0.2144
0.1,0.83,0.07,-0.7437
0.027,0.858,0.115,0.8621
0.0,0.615,0.385,0.9165
0.0,0.861,0.139,0.6369
0.165,0.768,0.067,-0.9157
0.114,0.854,0.032,-0.656
0.0,1.0,0.0,0.0
0.019,0.885,0.096,0.9252
0.0,0.829,0.171,0.7184
0.026,0.773,0.201,0.9832
0.153,0.571,0.276,0.9714
0.016,0.857,0.127,0.9095
0.11,0.89,0.0,-0.574
0.072,0.825,0.103,0.0387
0.122,0.701,0.177,0.7096
0.0,0.745,0.255,0.9337
0.0,0.853,0.147,0.9451
0.053,0.818,0.129,0.9317
0.044,0.799,0.157,0.9081
0.0,0.537,0.463,0.9019
0.021,0.808,0.171,0.9442
0.0,0.733,0.267,0.9686
0.07,0.787,0.142,0.6705
0.035,0.839,0.126,0.9413
0.0,0.816,0.184,0.8905
0.0,0.823,0.177,0.9779
0.112,0.676,0.213,0.8001
0.0,0.64,0.36,0.7351
0.042,0.792,0.165,0.8937
0.133,0.867,0.0,-0.7579
0.0,0.694,0.306,0.8176
0.0,0.919,0.081,0.3142
0.062,0.762,0.176,0.9331
0.0,0.854,0.146,0.6474
0.0,0.708,0.292,0.8251
0.181,0.819,0.0,-0.9701
0.0,0.785,0.215,0.9891
0.088,0.81,0.102,0.128
0.07,0.794,0.135,0.928
0.095,0.761,0.144,0.2023
0.0,0.756,0.244,0.7003
0.0,0.792,0.208,0.8885
0.1,0.7,0.201,0.6981
0.0,0.714,0.286,0.8126
0.062,0.801,0.137,0.4767
0.061,0.767,0.172,0.7865
0.085,0.816,0.099,0.1872
0.082,0.807,0.111,0.649
0.135,0.443,0.422,0.9482
0.151,0.722,0.127,0.2955
0.056,0.716,0.229,0.6542
0.24,0.746,0.014,-0.9703
0.061,0.904,0.035,-0.3877
0.013,0.776,0.211,0.9822
0.125,0.768,0.107,0.1386
0.087,0.913,0.0,-0.296
0.0,0.875,0.125,0.9061
0.129,0.715,0.155,0.6352
0.0,0.771,0.229,0.9643
0.0,0.828,0.172,0.891
0.344,0.521,0.135,-0.8707
0.0,0.752,0.248,0.9041
0.133,0.791,0.076,-0.704
0.044,0.781,0.175,0.9616
0.09,0.854,0.056,-0.2991
0.125,0.875,0.0,-0.5719
0.043,0.927,0.03,-0.296
0.059,0.861,0.08,0.5403
0.0,0.686,0.314,0.9882
0.129,0.784,0.087,-0.7112
0.154,0.714,0.132,-0.6119
0.067,0.747,0.187,0.9732
0.012,0.832,0.156,0.9408
0.0,0.788,0.212,0.9169
0.045,0.771,0.184,0.8407
0.0,0.892,0.108,0.7783
0.077,0.718,0.205,0.573
0.0,0.594,0.406,0.9704
0.032,0.8,0.168,0.7964
0.094,0.716,0.19,0.8858
0.115,0.747,0.137,0.5273
0.023,0.776,0.201,0.9374
0.05,0.876,0.074,0.4261
0.0,0.76,0.24,0.802
0.0,0.715,0.285,0.9922
0.106,0.693,0.201,0.9653
0.0,1.0,0.0,0.0
0.015,0.732,0.252,0.9913
0.173,0.778,0.049,-0.8296
0.052,0.717,0.231,0.9732
0.049,0.9,0.051,0.0583
0.0,0.779,0.221,0.6249
0.164,0.64,0.197,0.3372
0.071,0.846,0.083,-0.0726
0.035,0.766,0.199,0.9545
0.142,0.79,0.069,-0.519
0.0,1.0,0.0,0.0
0.173,0.736,0.091,-0.567
0.167,0.771,0.061,-0.9517
0.061,0.827,0.112,0.4724
0.025,0.848,0.127,0.6507
0.086,0.746,0.168,0.9017
0.106,0.74,0.154,0.2199
0.032,0.837,0.131,0.9313
0.129,0.728,0.144,0.201
0.105,0.789,0.106,-0.4404
0.02,0.799,0.181,0.972
0.097,0.776,0.127,0.5841
0.044,0.748,0.208,0.9713
0.068,0.932,0.0,-0.4576
0.0,0.872,0.128,0.9091
0.028,0.769,0.204,0.9766
0.0,0.833,0.167,0.7351
0.031,0.78,0.19,0.9337
0.083,0.795,0.122,0.1849
0.071,0.802,0.128,0.25
0.028,0.829,0.144,0.9648
0.0,0.871,0.129,0.7956
0.042,0.86,0.098,0.4337
0.095,0.791,0.114,0.2732
0.043,0.91,0.046,-0.2023
0.034,0.886,0.08,0.6008
0.018,0.777,0.206,0.9595
0.034,0.646,0.32,0.8993
0.078,0.783,0.139,0.8336
0.059,0.751,0.19,0.9342
0.323,0.677,0.0,-0.7351
0.053,0.8,0.147,0.9464
0.262,0.738,0.0,-0.9081
0.0,0.923,0.077,0.4404
0.088,0.722,0.189,0.9516
0.056,0.732,0.211,0.978
0.097,0.583,0.32,0.93
0.0,0.578,0.422,0.9275
0.011,0.836,0.153,0.9431
0.157,0.801,0.042,-0.7405
0.1,0.746,0.154,0.6105
0.0,0.872,0.128,0.7184
0.114,0.844,0.042,-0.6941
0.208,0.765,0.027,-0.9604
0.14,0.777,0.083,-0.8393
0.085,0.791,0.124,0.6947
0.103,0.767,0.131,0.3384
0.06,0.775,0.165,0.7996
0.062,0.858,0.08,0.1091
0.092,0.711,0.197,0.9746
0.111,0.83,0.059,-0.6313
0.076,0.895,0.029,-0.4509
0.142,0.754,0.104,-0.6954
0.0,0.914,0.086,0.5106
0.028,0.839,0.133,0.9441
0.107,0.821,0.072,-0.34
0.073,0.747,0.18,0.9217
0.051,0.758,0.191,0.7597
0.053,0.678,0.269,0.836
0.099,0.873,0.028,-0.7226
0.134,0.827,0.039,-0.9374
0.17,0.794,0.037,-0.8902
0.046,0.887,0.067,0.1531
0.085,0.831,0.085,-0.0
0.254,0.652,0.094,-0.5984
0.087,0.798,0.114,0.705
0.048,0.763,0.189,0.8176
0.117,0.69,0.194,0.7215
0.0,0.561,0.439,0.8555
0.0,0.762,0.238,0.6751
0.063,0.828,0.109,0.4606
0.157,0.778,0.065,-0.5959
0.261,0.672,0.067,-0.6956
0.12,0.798,0.083,-0.0772
0.13,0.87,0.0,-0.8675
0.104,0.673,0.223,0.9545
0.0,0.928,0.072,0.4678
0.091,0.795,0.114,0.0415
0.101,0.655,0.244,0.8659
0.078,0.87,0.052,-0.128
0.123,0.673,0.204,0.5434
0.087,0.871,0.042,-0.4201
0.059,0.887,0.054,-0.0387
0.0,0.667,0.333,0.9476
0.0,0.747,0.253,0.8885
0.0,0.594,0.406,0.9062
0.0,1.0,0.0,0.0
0.0,0.931,0.069,0.6249
0.066,0.825,0.109,0.6124
0.034,0.811,0.154,0.9731
0.095,0.782,0.123,0.7179
0.024,0.838,0.139,0.7817
0.0,0.709,0.291,0.9468
0.034,0.933,0.033,-0.0129
0.095,0.905,0.0,-0.7951
0.0,1.0,0.0,0.0
0.021,0.91,0.069,0.6647
0.213,0.422,0.365,0.7269
0.0,1.0,0.0,0.0
0.0,0.94,0.06,0.6249
0.155,0.845,0.0,-0.9545
0.0,0.82,0.18,0.6705
0.0,0.719,0.281,0.9878
0.035,0.837,0.128,0.892
0.095,0.699,0.205,0.8355
0.088,0.912,0.0,-0.743
0.101,0.802,0.097,0.3612
0.0,0.941,0.059,0.3716
0.0,0.792,0.208,0.9392
0.211,0.68,0.109,-0.5927
0.124,0.876,0.0,-0.3412
0.078,0.807,0.115,0.3167
0.0,0.754,0.246,0.8678
0.068,0.812,0.12,0.4019
0.0,0.726,0.274,0.9432
0.0,0.938,0.062,0.1027
0.0,0.842,0.158,0.4939
0.0,0.647,0.353,0.9349
0.041,0.93,0.028,0.0258
0.0,1.0,0.0,0.0
0.028,0.786,0.186,0.944
0.03,0.728,0.242,0.9492
0.097,0.804,0.099,-0.2268
0.0,0.821,0.179,0.7438
0.047,0.754,0.199,0.9538
0.0,0.586,0.414,0.9799
0.066,0.818,0.116,0.752
0.0,0.933,0.067,0.7579
0.057,0.692,0.252,0.8075
0.0,0.873,0.127,0.5859
0.05,0.774,0.176,0.9819
0.0,0.615,0.385,0.875
0.131,0.753,0.116,-0.2533
0.052,0.585,0.363,0.9063
0.156,0.761,0.082,-0.4118
0.0,0.951,0.049,0.2263
0.05,0.876,0.074,0.4767
0.014,0.839,0.146,0.9377
0.068,0.868,0.064,-0.12
0.163,0.698,0.14,-0.5719
0.036,0.669,0.295,0.9886
0.285,0.664,0.051,-0.976
0.157,0.783,0.061,-0.9702
0.24,0.574,0.185,-0.6047
0.107,0.773,0.119,0.063
0.186,0.762,0.052,-0.9818
0.122,0.787,0.092,-0.793
0.238,0.638,0.123,-0.9418
0.103,0.756,0.141,0.6363
0.162,0.838,0.0,-0.4767
0.103,0.796,0.1,-0.0422
0.029,0.872,0.099,0.7334
0.062,0.664,0.273,0.8689
0.181,0.596,0.223,0.7989
0.185,0.699,0.115,-0.7104
0.0,0.777,0.223,0.7841
0.064,0.805,0.132,0.5332
0.0,0.848,0.152,0.8591
0.032,0.91,0.058,0.54
0.098,0.735,0.167,0.4007
0.1,0.632,0.268,0.6705
0.045,0.955,0.0,-0.34
0.0,0.824,0.176,0.9601
0.128,0.799,0.073,-0.7984
0.022,0.907,0.071,0.5994
0.09,0.788,0.123,0.5672
0.083,0.917,0.0,-0.5574
0.0,1.0,0.0,0.0
0.026,0.729,0.246,0.9493
0.076,0.808,0.116,0.6705
0.025,0.93,0.045,0.4215
0.222,0.778,0.0,-0.7184
0.034,0.912,0.055,0.1531
0.134,0.8,0.067,-0.8765
0.11,0.832,0.058,-0.4944
0.0,0.881,0.119,0.6369
0.049,0.814,0.138,0.882
0.063,0.875,0.063,-0.0
0.015,0.824,0.161,0.9337
0.065,0.692,0.243,0.9632
0.141,0.621,0.237,0.8197
0.041,0.802,0.157,0.8192
0.043,0.74,0.216,0.9705
0.0,0.76,0.24,0.9758
0.0,0.776,0.224,0.8934
0.161,0.839,0.0,-0.5859
0.118,0.882,0.0,-0.6597
0.033,0.884,0.083,0.5574
0.057,0.874,0.069,-0.0432
0.137,0.814,0.048,-0.9042
0.136,0.821,0.043,-0.8755
0.041,0.844,0.115,0.743
0.093,0.825,0.082,-0.1531
0.132,0.731,0.137,-0.2144
0.161,0.795,0.045,-0.688
0.03,0.878,0.092,0.6021
0.0,0.77,0.23,0.9231
0.0,0.687,0.313,0.9371
0.024,0.684,0.292,0.9847
0.042,0.763,0.196,0.9407
0.099,0.838,0.064,-0.5427
0.307,0.588,0.105,-0.9189
0.201,0.79,0.009,-0.9705
0.0,0.632,0.368,0.9493
0.022,0.782,0.196,0.9789
0.0,0.827,0.173,0.7096
0.111,0.805,0.083,-0.231
0.0,0.854,0.146,0.6249
0.021,0.694,0.285,0.9902
0.09,0.767,0.143,0.878
0.016,0.726,0.258,0.9839
0.0,0.787,0.213,0.8126
0.0,0.909,0.091,0.4404
0.063,0.75,0.187,0.8442
0.032,0.672,0.296,0.9611
0.034,0.631,0.335,0.97
0.157,0.739,0.104,-0.6757
0.069,0.778,0.153,0.3716
0.04,0.838,0.122,0.7806
0.106,0.83,0.064,-0.6858
0.0,0.764,0.236,0.9274
0.014,0.921,0.065,0.5184
0.083,0.899,0.018,-0.6808
0.0,0.916,0.084,0.9081
0.157,0.813,0.03,-0.8336
0.0,0.696,0.304,0.9893
0.096,0.809,0.096,0.25
0.037,0.83,0.133,0.8062
0.073,0.909,0.018,-0.5994
0.0,1.0,0.0,0.0
0.078,0.69,0.232,0.7543
0.083,0.828,0.089,-0.1154
0.043,0.752,0.205,0.8918
0.138,0.795,0.068,-0.4576
0.076,0.763,0.161,0.6249
0.0,0.841,0.159,0.8173
0.0,1.0,0.0,0.0
0.0,0.614,0.386,0.9441
0.131,0.833,0.036,-0.8413
0.165,0.835,0.0,-0.9481
0.0,0.646,0.354,0.9517
0.097,0.845,0.058,-0.1531
0.076,0.83,0.094,0.1531
0.123,0.778,0.099,-0.2505
0.082,0.607,0.312,0.971
0.077,0.793,0.129,0.9089
0.106,0.837,0.057,-0.34
0.0,0.837,0.163,0.765
0.019,0.799,0.183,0.8922
0.031,0.707,0.262,0.9633
0.016,0.93,0.054,0.431
0.0,0.872,0.128,0.7096
0.094,0.739,0.168,0.8756
0.0,0.797,0.203,0.6808
0.055,0.833,0.111,0.8729
0.121,0.692,0.187,0.6908
0.052,0.83,0.119,0.4588
0.0,0.58,0.42,0.4404
0.028,0.871,0.101,0.8668
0.151,0.791,0.058,-0.8654
0.174,0.619,0.206,0.3761
0.172,0.708,0.12,-0.4215
0.107,0.805,0.088,0.0049
0.061,0.532,0.407,0.9284
0.0,0.818,0.182,0.836
